294
206
328
563
948
514
203
229
361
375
553
203
404
350
630
297
288
759
266
261
1135
215
314
414
349
244
350
270
539
801
709
430
207
212
542
423
288
306
301
339
369
449
575
355
358
329
307
543
407
368
295
385
611
412
244
562
360
453
279
393
340
559
230
664
262
271
431
528
221
253
270
566
515
323
201
484
530
318
399
477
347
244
316
520
248
553
308
246
209
377
393
202
264
575
275
373
285
246
436
433
538
674
228
285
299
887
246
514
351
311
410
378
397
355
368
444
502
332
312
359
356
313
553
421
537
252
281
275
612
502
586
866
360
356
394
255
584
246
326
207
537
217
388
339
239
345
359
602
417
457
213
340
460
346
217
430
281
350
396
445
247
594
302
259
265
478
271
269
245
541
413
322
274
551
210
234
617
632
662
575
234
277
471
282
361
507
432
434
281
480
558
423
486
445
613
396
266
225
642
515
406
355
245
427
345
366
284
225
275
396
443
327
385
363
664
362
382
265
414
371
350
223
448
422
374
308
245
392
671
464
448
642
309
209
500
219
355
225
418
218
397
387
311
306
432
230
273
357
321
403
346
239
543
364
287
385
286
456
247
429
537
661
527
454
458
360
537
272
696
376
214
367
520
402
291
540
270
561
524
236
290
348
476
502
337
406
285
450
246
486
483
257
358
513
505
215
266
272
354
489
414
598
466
347
518
394
234
321
240
404
460
293
220
388
312
424
322
226
214
392
310
317
540
568
307
267
382
461
310
422
310
208
236
563
517
209
436
264
283
456
444
268
216
354
281
291
338
232
343
362
556
218
608
427
285
509
400
404
607
596
410
346
367
343
216
276
428
473
656
405
461
239
396
420
253
224
364
219
279
245
783
428
403
286
289
391
344
320
297
403
379
653
367
406
541
314
472
544
610
407
516
205
270
689
204
398
237
223
643
362
205
432
474
399
308
415
537
330
421
306
615
280
213
267
555
256
331
222
301
588
430
246
464
320
436
259
546
357
465
523
318
205
441
496
337
291
588
319
475
434
419
435
610
617
274
307
695
312
443
491
314
485
430
697
405
364
449
530
262
259
355
420
424
292
363
366
279
415
389
531
345
345
263
321
418
284
320
388
396
295
337
336
407
353
629
707
333
417
395
349
388
347
442
462
444
324
417
477
438
376
412
470
447
641
206
476
287
621
300
357
303
395
500
431
327
316
311
336
561
537
464
300
317
297
631
344
366
577
625
286
636
587
334
395
418
244
421
690
367
444
355
472
281
470
410
308
256
574
200
317
493
1021
858
1058
973
725
1289
1980
1240
1901
1266
1920
2580
731
1169
2070
1013
1918
2934
2410
1824
882
731
1571
932
1240
756
1131
663
1799
1440
797
1797
993
1694
1315
733
980
1093
1409
2368
1128
1240
1408
1390
569
1862
1231
744
1324
446
1620
1751
626
1394
1890
749
1088
2243
689
1772
696
1062
2165
787
1787
1609
1408
797
651
1915
977
942
1198
1624
1842
1406
1592
960
1616
803
855
1384
885
985
416
790
1226
851
583
1040
1022
279
579
827
532
1530
979
415
876
302
487
316
866
571
389
1346
826
784
920
1042
692
1473
682
1141
974
853
1045
348
1172
687
1427
372
743
936
639
372
631
620
1009
254
1136
1588
588
617
504
862
309
1548
852
696
969
855
588
562
958
1105
947
790
360
888
922
541
306
682
510
407
590
1080
1143
1078
1589
594
439
911
611
519
469
524
599
978
547
1047
1002
652
532
704
498
488
1413
685
856
402
769
387
502
1032
572
484
727
1392
482
678
840
918
863
777
626
420
1038
509
576
395
952
411
790
958
978
821
415
471
1385
672
622
244
452
973
593
755
312
861
899
874
335
861
539
438
463
948
773
1411
828
609
928
1012
894
505
952
302
506
694
321
318
245
378
713
617
913
386
499
898
866
414
306
329
491
853
302
707
1124
708
666
651
1415
658
314
1106
1222
796
532
534
482
607
250
868
534
577
755
571
533
469
653
438
468
577
757
382
615
355
691
419
457
611
386
601
428
1340
667
392
1611
474
488
440
640
650
427
577
449
339
494
719
978
996
492
519
339
977
664
604
631
934
733
810
525
698
980
1351
643
939
834
924
549
469
348
573
834
610
1188
539
622
835
986
799
447
433
382
518
609
480
332
426
842
209
462
243
491
279
490
488
724
606
489
538
361
283
354
337
781
408
308
325
639
235
230
782
677
296
279
245
341
494
269
638
297
546
480
850
330
410
343
381
413
628
477
234
743
487
368
421
971
534
613
341
785
584
546
917
286
962
355
395
475
544
522
253
477
206
378
253
313
362
388
600
279
913
563
228
462
298
289
242
383
307
498
291
493
444
881
1019
386
208
489
310
247
310
485
722
468
373
736
321
204
408
344
363
361
331
349
469
373
472
953
313
392
380
284
451
395
633
553
453
481
468
346
739
928
634
393
368
373
355
344
853
310
484
373
590
336
273
277
553
286
396
606
414
241
689
521
489
384
588
342
500
277
993
532
533
618
248
317
339
300
318
671
218
348
425
407
308
289
256
262
287
623
300
429
467
307
433
332
426
761
1035
304
676
330
253
516
385
557
426
428
524
313
295
390
821
514
292
770
384
500
328
532
402
520
593
454
461
487
345
354
316
539
743
335
370
522
503
533
476
583
353
301
553
419
522
578
554
381
734
614
441
561
412
414
834
336
217
405
271
393
380
582
379
354
580
382
359
429
339
365
423
551
278
275
516
430
344
414
499
458
228
546
619
1163
560
245
254
313
314
538
459
386
253
524
365
408
559
367
325
244
474
422
526
479
393
377
383
612
232
373
306
288
392
569
428
298
431
214
253
481
438
547
358
369
283
285
445
322
214
866
467
515
366
240
309
508
416
540
575
312
487
403
290
249
563
363
428
561
346
207
374
516
458
652
366
368
398
432
271
228
422
473
319
240
308
379
343
337
317
504
489
364
245
342
340
343
326
362
325
330
234
416
573
253
504
269
525
275
415
601
280
283
504
277
382
324
558
392
286
480
376
771
440
561
305
356
512
325
451
425
441
598
298
539
531
320
314
320
434
377
521
320
289
335
301
318
376
244
350
465
311
305
346
622
422
492
417
391
277
376
476
347
426
448
489
436
499
408
449
396
527
397
360
399
254
457
399
765
344
473
550
389
506
301
402
426
500
358
239
281
688
376
297
367
416
761
288
423
602
428
392
498
417
1054
323
310
251
499
552
469
617
654
402
408
518
541
611
721
258
262
635
459
578
705
1914
1584
3339
1249
1261
1792
1069
1242
631
1451
806
1346
1098
964
819
786
1096
994
701
589
968
490
1158
648
908
1355
1310
522
670
640
604
844
380
468
818
358
442
491
627
389
467
850
933
505
858
542
1104
449
443
462
1227
701
714
274
818
831
494
1039
664
546
465
803
2000
495
456
1272
719
310
511
256
2002
699
1002
543
270
378
298
721
721
865
1839
1917
693
204
686
453
253
894
544
441
325
223
296
334
711
752
516
255
415
444
201
283
241
461
442
604
578
404
403
284
812
436
503
268
552
968
253
216
204
305
338
403
434
536
207
328
433
327
231
216
352
289
390
370
576
609
410
424
501
524
479
473
540
805
574
389
233
448
538
316
777
237
239
257
378
384
695
536
317
226
447
448
426
509
383
539
479
378
248
518
622
555
571
285
444
207
549
272
585
400
453
227
402
412
538
499
350
625
299
338
474
519
669
735
300
365
492
371
310
343
466
232
589
287
260
338
283
350
245
337
343
441
234
542
469
444
457
213
283
408
249
384
365
281
534
600
399
672
322
268
718
494
389
1212
283
301
287
202
259
417
234
407
274
515
413
676
382
259
387
699
520
453
501
538
468
578
345
283
445
639
436
742
389
521
252
369
366
301
413
614
318
452
264
230
592
638
418
546
502
385
436
292
356
502
702
267
378
321
211
632
396
314
283
314
326
819
712
315
398
398
362
501
655
257
641
531
600
530
483
451
334
720
315
343
308
281
438
319
519
733
276
477
249
351
681
408
679
200
266
348
617
479
334
422
392
796
329
378
702
364
436
809
240
606
396
534
329
270
549
544
405
342
491
204
402
381
373
532
372
252
613
738
355
682
648
355
553
351
640
478
385
366
319
291
335
408
532
293
524
301
436
647
336
307
604
320
211
378
464
420
275
448
349
257
378
240
447
352
424
243
344
390
377
413
408
585
924
355
564
227
423
440
708
352
760
477
606
402
256
352
388
548
717
742
357
426
371
236
452
218
397
561
799
370
302
714
368
691
286
469
286
598
580
523
362
470
226
496
248
373
359
316
305
447
297
363
443
200
470
503
496
394
586
508
236
209
231
361
278
420
330
269
271
416
626
486
421
343
414
280
473
359
224
260
338
1203
213
327
308
471
205
732
386
234
245
464
531
240
277
291
900
356
201
552
226
544
596
321
325
414
225
484
237
313
337
292
239
334
468
326
223
259
305
363
224
274
228
835
258
749
655
259
728
281
268
360
543
370
266
328
549
384
489
333
474
558
456
491
271
245
397
347
464
574
522
283
274
374
543
256
315
399
393
358
342
344
446
493
526
425
270
358
777
725
532
331
400
203
220
242
473
844
344
370
231
666
452
702
668
310
362
643
253
567
432
451
869
444
653
444
331
367
371
598
353
357
313
281
440
456
563
457
394
481
543
223
220
355
510
309
298
226
380
352
691
306
447
387
286
262
593
285
558
396
589
289
369
458
253
239
231
382
460
412
411
821
562
214
655
684
327
276
333
203
685
450
285
343
384
238
847
352
440
248
390
527
226
206
514
207
530
779
821
398
358
829
428
268
429
478
574
526
200
510
353
420
595
258
376
577
746
659
521
348
394
526
478
263
712
683
325
292
431
214
943
356
243
468
374
382
400
330
263
243
521
611
343
771
527
385
684
377
350
418
542
625
235
612
274
528
333
243
583
215
289
392
205
481
435
307
321
459
475
395
347
203
239
437
340
435
330
279
233
263
325
352
426
446
237
300
337
651
441
202
531
771
326
232
373
455
370
397
611
323
449
729
454
324
203
343
704
396
372
497
670
344
410
249
489
304
575
238
353
428
403
981
261
608
335
425
296
446
352
598
460
655
267
398
234
204
563
290
411
924
378
309
640
362
580
468
732
302
355
472
397
521
319
271
550
778
361
511
409
414
436
597
208
244
494
204
347
627
451
203
212
339
476
301
508
387
350
376
543
226
253
276
422
277
544
378
277
518
270
523
290
686
815
499
348
294
217
232
371
239
321
442
209
210
428
290
390
428
345
350
910
527
453
258
1084
314
391
304
564
461
547
252
913
365
537
490
267
407
304
366
315
428
294
452
381
342
626
422
364
378
493
282
513
293
653
322
317
354
267
584
485
313
356
428
219
422
725
724
335
520
532
233
512
236
457
419
318
218
320
355
392
672
448
319
296
332
243
448
411
409
275
370
672
356
495
426
385
370
335
711
340
463
393
359
432
520
358
551
603
234
430
427
399
465
358
372
503
430
507
376
855
380
669
229
397
320
532
702
201
477
310
370
371
243
200
262
809
314
307
385
288
353
291
475
456
332
379
368
2025
1979
3641
1083
3557
1997
1715
1729
1615
1682
1768
1040
1621
3100
1359
1982
1544
2022
2294
1039
3768
944
1333
902
998
2040
1171
1264
2242
3644
1403
1774
1629
2372
2095
1166
1649
1697
593
784
1828
1463
2328
679
1309
766
2803
2508
1713
916
2382
1149
1822
2051
1360
1127
1978
830
691
1581
2573
1134
773
2674
1274
1261
2009
803
1455
1659
1492
704
1433
848
1190
1935
1139
1332
1667
710
1579
2035
1009
598
992
1401
714
1623
1309
1891
741
1718
1773
1095
1132
1156
1547
1545
1008
1305
1163
1171
1439
2109
814
733
1313
738
1871
1069
1017
1446
2061
1165
941
1707
1462
1359
1040
2205
809
1164
781
1211
1292
957
3065
3198
1411
1165
1265
748
874
769
665
1075
950
1989
897
953
1282
669
1121
475
549
612
752
648
928
1681
998
855
675
1294
779
390
382
900
873
1308
547
1459
898
735
350
581
623
982
1484
450
513
495
819
593
759
867
1369
865
1351
1867
1143
574
456
1355
587
829
542
1005
1550
577
411
2048
898
723
1716
495
948
448
453
1321
1410
529
310
815
1023
572
737
708
874
1206
876
794
866
724
874
898
584
668
669
1599
1562
1043
668
396
614
818
502
604
695
1088
696
676
947
556
1032
818
541
360
695
765
364
679
440
456
1222
630
580
964
562
987
304
682
283
1289
1108
834
605
961
712
429
579
1206
488
367
366
764
997
679
750
1524
739
486
665
1184
536
1680
786
377
359
778
669
470
505
667
1166
423
755
941
571
651
1028
405
682
631
592
587
833
437
904
854
841
520
653
645
1050
1242
744
632
511
662
1028
625
505
471
645
1059
1389
1054
783
444
1128
680
494
487
722
835
795
410
838
442
376
604
596
432
512
794
736
614
689
1116
666
847
654
478
1163
670
1116
825
913
610
1062
351
699
323
606
956
648
608
438
991
393
287
454
489
514
637
648
452
320
722
409
732
680
550
767
715
557
1013
619
1274
459
776
1052
489
305
366
870
862
837
396
624
468
611
704
354
365
409
947
471
689
639
541
474
877
571
444
863
636
926
1057
394
395
513
466
662
618
634
364
838
614
389
643
1017
595
895
643
966
676
332
316
530
554
456
733
479
458
687
549
363
470
446
468
678
488
876
481
833
509
874
723
1066
589
449
458
933
323
438
681
398
899
648
550
502
403
1194
1071
656
657
1850
662
771
1412
400
841
1047
474
761
1148
993
824
1433
1114
706
726
1258
823
852
812
770
448
749
957
732
512
757
422
905
251
637
373
377
529
440
911
505
488
1126
1133
1283
466
523
545
638
654
634
453
333
575
682
422
955
795
500
555
409
667
259
335
575
346
592
474
782
441
395
686
529
982
293
635
288
814
450
240
422
403
1320
331
473
533
982
584
415
500
895
786
614
955
404
680
519
771
693
618
439
622
308
266
239
349
432
366
348
380
621
796
273
408
501
763
570
589
476
517
592
850
574
526
421
761
461
278
280
263
709
466
254
1063
596
1208
604
988
459
592
387
338
868
504
474
302
469
209
459
924
583
372
277
744
485
475
415
922
294
392
534
317
506
629
627
464
498
328
672
244
632
800
887
590
266
415
277
600
470
376
311
791
510
957
421
424
584
350
472
771
413
349
364
589
580
236
573
561
436
264
206
348
452
543
395
368
407
455
364
312
866
337
566
430
262
583
708
1420
375
247
253
224
805
457
429
561
327
381
703
830
673
368
393
595
373
628
913
460
312
841
683
981
264
318
438
345
308
639
358
306
842
581
346
336
665
596
705
744
626
250
454
684
227
637
782
959
959
347
518
290
693
363
415
574
467
290
216
316
835
658
237
441
597
377
649
538
492
870
542
313
262
366
870
435
1150
388
671
401
374
474
670
744
734
811
767
429
366
624
277
596
484
552
676
395
460
379
638
483
447
303
660
238
366
508
414
245
634
403
614
272
769
256
516
407
529
1088
636
368
550
363
590
376
948
376
325
386
346
323
286
363
828
381
246
454
335
558
700
413
261
358
290
212
398
342
317
298
561
478
557
321
305
346
423
675
340
699
990
562
553
373
653
671
684
1022
428
547
328
715
612
477
346
421
323
511
418
845
379
419
944
414
247
412
296
523
241
439
606
649
429
288
257
417
494
243
687
365
341
411
588
342
384
287
295
423
665
445
365
1039
502
522
540
438
493
253
802
672
505
341
566
715
563
872
389
405
581
422
772
332
282
296
258
505
396
305
349
434
334
647
509
431
507
371
682
541
377
225
239
572
675
378
330
446
752
410
318
787
420
220
494
515
407
1037
314
699
356
285
313
827
446
500
406
306
520
268
415
291
371
470
447
477
373
378
538
579
683
261
534
602
235
820
278
223
254
676
612
443
386
798
333
421
433
616
548
379
543
763
333
541
391
454
550
244
452
529
490
805
881
300
363
461
445
325
404
238
612
348
504
400
452
499
273
335
331
349
500
533
691
306
515
344
303
460
859
327
539
438
732
347
607
423
884
278
753
459
581
663
419
345
546
338
621
325
597
400
663
361
577
453
419
286
412
752
875
889
420
432
371
634
287
443
329
354
438
372
431
843
616
705
635
385
348
703
520
357
410
318
608
367
551
502
447
442
574
580
318
939
418
349
424
399
282
618
256
460
575
472
688
537
465
720
511
553
635
513
465
498
328
498
699
1146
285
971
424
996
627
250
567
421
338
334
662
699
401
488
441
269
336
398
377
230
480
494
469
292
424
518
464
410
364
299
208
566
322
604
497
428
259
414
398
584
407
586
394
276
416
524
462
499
252
443
725
338
343
329
674
619
242
549
500
587
451
353
272
403
426
348
265
303
418
459
396
342
315
464
353
448
454
333
615
463
331
1253
245
535
809
244
360
405
287
298
235
993
400
305
356
302
223
258
293
434
416
618
414
471
345
655
348
323
282
404
346
298
303
371
415
489
546
515
776
377
411
361
501
685
539
362
366
270
556
517
411
476
397
313
406
549
509
396
423
377
409
345
535
348
699
565
333
345
375
399
403
380
415
230
419
329
410
661
760
241
533
294
376
311
241
335
437
396
391
346
302
222
446
307
488
273
889
643
348
464
522
295
480
487
433
381
568
276
673
392
455
241
297
437
385
556
393
388
689
370
675
463
223
394
361
708
368
455
258
309
262
209
508
371
288
284
361
501
280
235
629
377
264
722
234
492
416
335
281
292
413
464
353
347
488
552
371
974
211
487
455
235
601
391
560
294
446
391
375
672
442
380
250
293
585
601
363
360
497
490
456
458
516
485
417
687
501
350
241
521
205
329
278
275
325
538
338
323
217
614
219
481
703
262
410
266
349
468
282
373
300
419
438
243
242
375
253
476
257
582
556
398
327
493
415
254
401
258
329
448
377
222
323
630
264
397
490
369
323
368
349
482
393
286
325
475
291
417
337
445
395
260
397
258
293
333
967
490
274
448
342
221
483
361
489
531
253
312
501
723
378
258
567
378
633
262
465
835
534
304
200
693
654
412
378
241
256
340
233
612
309
332
449
257
225
510
473
321
440
317
419
334
244
383
521
625
432
297
356
292
448
340
288
564
336
399
213
253
230
434
417
389
371
215
321
307
486
464
316
342
437
627
527
273
355
272
368
378
225
275
431
280
302
294
266
248
527
253
700
454
477
384
543
353
426
303
378
395
243
603
349
274
479
347
268
351
256
231
634
380
606
343
395
427
244
394
454
271
332
267
284
484
331
252
307
572
311
321
1098
1550
1402
1461
2555
2110
2657
1429
1871
1473
2228
3184
1294
1176
2595
1955
952
662
1799
1478
531
1366
1899
2485
1409
2952
2040
571
1442
1265
949
1453
1299
1681
714
1371
794
1652
2090
1245
1266
645
1274
1471
1093
1365
1666
716
823
1373
2263
1090
912
1351
2066
919
1273
1719
1888
1794
2032
1568
1023
1025
1567
1194
648
1982
1063
1580
1546
1019
983
741
1237
1145
990
1307
627
709
1074
915
1675
561
558
510
360
621
1429
838
379
518
979
1305
1406
1124
2024
465
561
716
458
469
1450
744
1268
848
946
1183
518
831
425
672
801
636
1952
1512
849
1092
551
1317
460
659
2453
878
1122
802
372
1471
801
402
1237
492
941
1144
822
280
640
771
845
924
966
581
479
730
463
846
319
1029
347
704
792
570
575
343
891
1108
1128
953
403
540
489
818
690
668
781
1050
270
574
408
489
1416
549
819
563
679
619
447
1389
708
736
745
945
464
678
842
1077
959
497
712
1490
614
661
920
729
1346
690
951
628
530
522
1036
739
788
830
1111
1033
976
468
474
454
1162
661
579
1208
605
576
753
655
769
768
520
607
613
483
443
648
576
953
383
370
280
642
1039
1182
802
609
746
740
417
477
547
385
1162
424
425
910
371
638
447
483
698
528
731
732
1246
1254
683
942
768
735
331
796
605
641
414
962
551
386
1001
898
388
680
240
587
517
488
357
761
486
234
256
432
294
516
240
614
309
427
549
425
210
243
1323
545
365
744
260
768
221
687
450
626
583
573
664
433
506
607
434
612
238
875
323
457
941
418
584
791
625
603
696
429
336
253
440
326
559
459
831
429
700
346
368
802
228
258
297
609
317
1425
300
616
569
556
640
585
896
474
680
222
548
875
1737
292
253
328
368
648
264
516
648
478
468
314
448
795
728
687
480
382
334
479
288
559
320
370
261
561
318
820
453
290
319
390
414
286
543
389
380
669
423
454
341
421
313
510
572
485
1036
357
545
473
319
634
535
365
295
412
988
288
876
628
552
685
463
336
363
992
339
396
329
618
1034
570
282
662
596
1154
229
293
292
499
259
534
446
418
407
268
607
362
261
561
232
393
1131
911
475
621
361
880
284
228
431
698
455
935
885
685
359
333
979
848
573
603
646
508
314
557
829
248
382
883
366
308
613
518
573
372
314
556
552
422
375
472
233
481
598
403
669
521
226
423
586
470
427
344
401
498
299
416
434
435
547
394
319
553
335
671
336
360
375
355
259
530
793
484
486
416
467
296
761
479
401
412
424
405
644
732
308
550
701
261
609
300
551
352
353
237
321
287
601
378
334
459
571
429
363
549
378
409
445
385
999
221
328
883
266
363
392
768
514
418
291
350
427
522
254
253
208
708
601
437
444
315
789
795
502
411
281
285
339
282
343
389
307
319
802
463
367
332
358
245
414
495
448
314
710
378
703
310
913
295
381
790
817
320
292
311
287
264
239
305
851
847
287
590
345
476
826
277
1038
599
492
646
