4437
3941
3901
3839
3731
3619
3610
3551
3463
3224
3181
3177
3148
3147
3129
3057
3015
2978
2969
2971
2941
2942
2938
2934
2930
2901
2726
2722
2705
2701
2684
2673
2599
2543
2480
2479
2460
2451
2446
2426
2386
2371
2318
2273
2254
2246
2244
2233
2209
2179
2173
2168
2130
2120
2121
2103
2090
2083
2061
2051
2043
2030
2017
2022
2002
2009
2002
1984
1972
1968
1960
1954
1932
1930
1916
1896
1893
1866
1866
1862
1848
1846
1840
1830
1819
1826
1824
1806
1799
1799
1792
1796
1783
1780
1772
1756
1753
1739
1713
1710
1714
1709
1703
1711
1704
1700
1680
1690
1681
1684
1674
1676
1665
1641
1638
1634
1629
1622
1623
1621
1616
1617
1610
1596
1581
1572
1575
1569
1560
1558
1549
1539
1534
1542
1542
1537
1528
1525
1522
1518
1521
1519
1518
1507
1511
1502
1478
1478
1470
1471
1469
1466
1460
1459
1457
1447
1442
1440
1432
1423
1424
1422
1419
1409
1411
1410
1413
1407
1400
1381
1390
1392
1396
1377
1374
1363
1356
1355
1358
1340
1344
1337
1334
1325
1322
1325
1319
1310
1313
1309
1302
1305
1301
1301
1297
1293
1287
1286
1285
1284
1261
1274
1262
1252
1247
1242
1239
1229
1216
1220
1218
1220
1212
1212
1208
1204
1206
1208
1204
1194
1187
1185
1181
1181
1176
1178
1164
1177
1173
1173
1166
1170
1167
1165
1166
1164
1158
1162
1164
1162
1149
1127
1160
1148
1148
1152
1150
1136
1140
1131
1121
1129
1128
1128
1130
1129
1124
1123
1118
1113
1106
1097
1100
1096
1090
1091
1088
1085
1078
1084
1072
1067
1066
1055
1051
1054
1054
1053
1051
1050
1044
1042
1030
1034
1034
1030
1030
1028
1023
1016
1022
1017
1012
1011
1007
1004
1006
1006
995
994
1000
1000
997
996
994
994
991
991
982
983
985
983
979
975
976
976
974
965
972
973
968
963
967
966
957
959
943
950
950
949
946
940
947
943
938
937
936
940
933
931
918
930
930
930
924
926
920
924
917
919
921
913
910
899
910
911
909
912
900
908
905
900
907
904
898
899
894
897
887
894
895
888
881
888
884
884
883
889
885
884
881
879
880
872
879
874
868
872
872
868
867
864
860
860
848
857
852
856
855
849
853
849
840
850
849
846
842
842
848
844
841
840
844
843
835
830
835
835
835
838
836
834
832
831
831
829
830
823
825
824
825
824
817
815
814
814
814
813
812
802
801
805
806
805
801
804
803
789
799
798
796
794
796
778
793
788
783
786
785
779
785
776
781
777
776
778
775
777
778
776
773
769
771
769
764
771
767
762
765
764
765
762
761
759
762
759
760
754
757
756
757
751
748
752
752
745
756
750
748
747
738
742
741
743
736
742
738
742
738
738
735
739
737
732
730
726
721
728
729
727
723
720
719
719
714
714
719
717
717
715
712
714
715
709
713
710
714
709
713
712
708
709
709
709
706
709
703
702
703
702
699
698
699
700
694
697
698
684
690
692
691
689
684
688
689
678
686
677
684
682
684
677
684
675
679
681
679
679
679
679
678
674
674
671
670
660
673
671
673
671
672
668
667
668
667
662
664
667
664
664
664
661
663
661
660
661
662
659
658
644
660
655
654
657
658
658
651
651
651
652
647
650
653
645
649
650
646
648
645
645
648
649
644
645
640
645
637
646
637
642
641
639
643
643
642
640
640
639
635
639
636
630
639
635
635
633
631
633
635
634
633
631
631
632
633
634
629
622
628
624
624
622
624
624
624
619
618
620
619
618
620
617
617
615
615
614
616
614
610
611
609
611
605
610
606
606
607
602
602
601
601
605
603
601
602
598
602
599
597
592
601
600
596
594
597
599
592
597
593
591
588
588
588
591
588
589
581
590
583
580
572
585
579
586
583
577
584
580
579
578
580
578
576
576
571
576
573
567
572
569
571
568
564
568
568
562
569
567
561
566
560
565
566
565
561
563
540
557
565
560
560
559
557
562
545
561
560
559
559
556
558
556
555
557
553
555
554
553
550
550
552
552
551
551
548
545
549
548
547
545
543
543
543
538
542
536
536
541
540
539
537
533
535
530
530
527
533
532
521
526
528
525
523
528
527
520
525
525
524
521
518
507
515
522
522
519
518
515
511
513
512
505
513
507
508
510
498
507
505
507
509
508
508
497
504
505
497
507
500
504
504
497
503
502
498
501
497
501
496
493
494
496
493
492
494
495
495
494
492
492
493
492
493
484
492
489
481
488
482
477
485
480
479
484
484
480
474
479
479
480
480
479
480
473
480
469
473
473
473
470
467
464
473
469
472
462
471
469
470
468
470
467
471
468
463
467
455
463
460
463
461
460
460
453
457
454
458
454
455
451
453
454
454
450
450
451
449
451
448
449
449
444
448
448
443
446
448
446
444
446
446
443
441
441
441
437
440
434
440
437
438
438
437
435
436
433
434
425
431
427
428
419
426
430
418
430
425
427
425
423
422
423
423
420
421
413
415
419
420
418
412
412
411
415
414
415
415
406
412
412
409
410
411
408
407
407
406
407
407
403
401
400
407
403
403
398
401
396
400
396
399
389
397
398
392
396
395
397
397
396
392
389
381
393
392
391
382
390
390
388
388
388
388
386
385
385
386
385
384
370
381
375
375
379
377
368
375
377
375
377
377
377
367
369
371
373
368
373
369
369
371
371
370
368
369
369
366
365
357
365
364
361
358
363
348
351
358
357
356
354
355
361
356
355
354
352
353
353
348
351
349
349
341
349
347
345
347
347
347
344
346
344
344
343
340
341
338
338
337
338
339
336
336
335
336
335
333
331
329
331
331
328
328
323
327
328
328
328
327
324
326
324
324
319
321
321
320
311
314
317
316
315
310
315
313
314
314
306
311
309
304
308
307
297
307
309
305
301
305
305
302
301
297
297
299
298
298
294
297
294
296
296
294
296
291
287
291
288
289
286
284
285
284
283
280
283
279
277
277
275
277
273
270
272
265
270
269
268
265
267
268
264
265
261
262
255
261
261
259
257
258
253
256
256
252
250
254
251
246
249
244
242
240
240
242
238
240
240
236
239
239
233
234
233
230
232
228
232
228
227
228
228
225
226
221
222
224
221
220
219
219
219
219
219
219
218
213
218
215
217
213
215
214
213
212
211
205
209
208
206
206
206
206
206
205
202
202
203
202
201
200
200
