2644
1700
949
1564
958
597
610
538
695
934
1018
1027
1156
715
673
1131
497
644
586
517
1239
682
427
574
585
1255
680
831
555
412
567
639
633
584
445
735
671
660
347
707
873
433
596
764
956
788
313
403
750
312
1549
333
1069
326
366
346
616
315
320
943
594
317
455
324
484
311
321
3012
326
306
290
419
614
335
568
265
682
2415
332
244
353
403
336
671
273
1621
322
304
260
1046
636
323
293
932
1430
2306
440
2617
209
219
1377
1783
504
364
537
449
418
1997
1556
816
1046
2097
601
429
229
2107
289
3554
338
1693
472
361
275
580
2550
2603
950
772
250
399
212
449
543
268
1458
1103
624
621
3611
378
1800
589
797
630
484
408
255
827
262
287
265
1479
2749
460
1443
388
901
692
808
740
808
387
208
856
1275
1660
461
288
206
1992
439
1648
792
302
530
657
447
1208
578
542
495
1334
1945
695
361
2181
1569
246
539
296
2769
302
1147
657
221
772
1715
2355
1965
3611
3466
331
2363
2972
395
411
980
996
1127
3308
367
434
759
449
1424
2225
326
1418
442
1125
1475
226
2320
2933
631
1246
463
263
1441
320
2461
3130
360
225
537
326
570
2493
583
615
832
517
1808
2055
327
564
374
1412
357
1140
2271
648
1749
1143
217
335
509
835
1490
2725
1558
4268
600
445
387
2338
331
462
832
205
910
1436
318
800
445
4527
2048
315
938
904
881
899
1933
793
1914
1917
1891
469
633
296
2100
1691
2521
859
544
2659
770
279
462
352
1611
1075
1450
3183
499
1742
1342
2187
756
2083
1344
584
1126
417
350
880
455
1773
497
767
1037
314
497
1025
486
1139
413
1695
1116
2243
389
1685
1440
488
1309
264
602
423
2426
2411
652
400
485
724
1351
396
839
2190
1674
3288
730
1463
883
1429
575
446
513
700
2140
287
674
740
3671
1516
227
906
1148
590
478
1042
1815
633
288
479
443
325
766
257
1417
1025
3904
1888
2544
1205
376
1031
665
1848
872
2485
328
1322
325
1793
368
744
392
1392
556
1022
1382
855
1348
819
611
3166
725
1672
636
372
1208
1913
557
659
398
906
284
359
298
856
327
1448
732
712
463
635
772
1177
1139
842
631
792
1963
317
263
1404
1157
254
667
551
1191
776
622
321
404
561
489
778
218
731
358
1708
391
874
1279
739
611
1239
388
889
1538
332
1674
510
742
1444
2902
1671
1211
413
1286
337
839
1592
711
285
1178
1605
434
732
1020
2025
695
1133
303
491
587
434
649
690
1799
1201
323
606
1297
911
428
761
887
717
1456
950
933
742
1489
2063
1130
1975
553
2778
390
487
241
2180
1592
1027
302
676
879
2046
1657
712
2277
1054
2211
1648
456
306
460
638
1431
1472
1265
883
695
709
1095
996
229
610
379
1056
501
971
415
965
919
895
613
377
630
329
1766
1284
1074
875
265
1289
1786
550
694
1242
2486
886
409
1860
1633
267
917
1022
1608
333
1266
243
606
221
543
720
844
325
1528
461
239
999
1590
697
1376
272
615
1541
452
1316
266
2492
1323
472
208
782
221
354
671
366
478
1533
1063
251
503
541
1605
1698
404
680
889
1406
956
571
1130
649
1976
2033
273
656
2459
809
1181
809
281
765
946
490
315
1027
1130
876
487
3511
1319
675
742
329
416
632
2867
2092
608
620
451
490
329
422
1589
882
761
2487
1107
665
804
469
1543
1853
601
1064
353
568
1698
360
529
463
543
457
278
1171
640
566
462
1303
1719
564
426
858
768
470
693
663
238
1166
763
427
572
217
809
754
649
1183
1337
952
565
1179
350
877
1146
1603
483
486
3625
732
329
971
326
913
697
968
1296
325
459
543
1523
1483
611
904
315
1544
800
689
418
390
2109
574
601
297
1019
1089
380
936
801
878
518
525
1840
1120
1171
1781
374
746
587
1886
574
617
739
377
766
1338
220
742
1532
434
436
526
530
2110
408
965
475
696
653
508
741
626
436
347
483
411
879
418
1281
631
337
1202
1034
818
604
498
671
785
711
446
630
437
906
615
385
672
662
1176
347
635
616
461
555
294
1700
676
657
807
469
291
861
583
420
639
523
386
3006
807
422
1587
216
898
643
291
1531
529
788
385
1526
1090
389
464
1481
525
520
315
711
685
814
434
550
450
1489
232
353
760
605
307
311
318
300
348
606
287
309
394
424
277
449
641
584
352
405
297
362
258
1028
722
354
227
282
321
235
237
344
293
216
205
295
376
608
214
238
284
237
380
211
237
255
665
245
361
509
689
370
226
445
368
331
270
825
373
281
313
289
658
456
370
639
435
553
205
337
740
689
202
363
530
380
464
487
505
423
267
586
542
337
650
514
399
250
304
535
598
300
290
483
572
365
715
346
294
457
468
276
340
441
296
269
324
479
370
559
524
470
775
367
356
548
504
560
342
345
269
397
421
336
327
251
205
402
352
587
486
483
389
337
339
332
430
429
437
374
378
432
330
434
326
378
426
376
360
207
342
209
280
635
572
374
487
388
351
430
317
460
379
386
501
465
801
345
276
262
602
456
446
253
331
649
686
528
378
267
211
622
399
326
242
258
364
456
369
293
344
328
351
641
347
339
312
309
382
397
421
423
326
496
471
430
231
294
359
459
709
299
298
303
374
397
376
327
391
436
269
372
379
359
435
419
236
628
251
235
403
575
526
570
515
255
260
260
544
359
384
356
310
430
483
425
389
397
491
302
286
420
525
402
497
263
452
425
333
308
401
381
405
462
379
336
380
344
306
465
283
432
571
302
359
404
424
379
329
343
234
335
416
333
419
653
421
396
662
253
346
422
311
276
378
218
366
396
437
206
518
242
473
327
248
312
275
300
369
718
751
325
359
552
647
521
372
430
347
479
373
290
549
331
399
341
388
593
287
326
371
436
385
596
317
237
421
385
540
321
256
295
272
301
430
396
349
332
326
301
251
342
349
289
219
350
391
535
485
398
399
309
480
476
259
448
240
440
433
414
465
372
380
247
339
321
282
460
307
443
352
401
342
441
430
452
281
400
450
412
326
381
219
383
223
489
710
544
259
468
384
203
526
376
396
274
749
421
410
278
250
421
393
321
339
245
357
259
473
226
364
222
345
303
419
278
367
538
483
495
351
302
464
259
345
329
206
502
495
242
577
301
299
402
318
310
248
327
257
225
320
571
372
266
378
243
452
414
214
333
417
350
339
495
437
376
303
257
256
310
560
374
343
249
374
472
464
402
475
365
374
289
398
329
212
386
228
318
365
358
621
258
384
308
315
208
208
303
357
466
268
327
455
422
364
391
321
255
333
475
370
253
274
377
249
370
364
407
341
305
425
436
376
365
354
393
331
389
317
283
351
287
273
333
283
228
418
354
334
334
304
361
365
409
371
494
369
413
576
342
386
317
238
455
318
427
397
417
321
425
434
366
372
365
237
336
338
252
383
269
275
230
297
371
254
236
388
249
423
282
386
340
365
434
435
288
402
478
356
232
323
389
408
465
324
435
303
366
246
231
439
563
387
315
331
273
385
342
265
357
357
403
284
229
351
255
318
352
469
483
419
541
246
212
228
405
245
362
419
234
473
464
374
306
409
404
246
296
224
552
363
575
301
362
429
250
336
380
373
497
216
452
327
309
471
287
532
603
320
325
282
373
236
222
424
221
414
270
324
337
300
342
354
346
405
388
361
297
338
373
270
309
399
261
381
240
459
246
229
320
310
394
262
271
415
302
291
281
444
424
383
279
432
489
395
273
221
411
396
295
450
318
427
239
637
255
254
340
216
238
349
322
341
361
304
380
436
216
313
399
450
323
314
316
364
398
342
376
332
259
339
228
299
413
445
312
486
482
501
327
303
336
371
375
472
297
315
326
293
296
354
417
240
346
341
349
462
246
260
268
322
237
460
265
429
360
404
417
424
282
349
440
267
417
274
284
411
356
400
460
383
359
432
335
321
366
416
350
493
475
204
426
288
437
327
266
329
283
237
432
226
309
297
310
342
307
452
397
356
524
527
350
306
324
318
330
368
378
220
372
320
243
305
284
410
453
388
246
398
223
270
365
242
244
268
408
346
315
504
285
315
361
236
298
248
468
317
227
351
370
299
387
337
390
378
283
407
433
319
268
275
429
344
335
635
240
214
307
369
268
385
221
348
231
298
364
421
292
331
309
331
259
269
246
332
308
342
317
393
466
467
305
267
224
361
311
296
282
414
245
226
301
313
218
323
243
588
226
330
252
378
321
426
278
345
289
483
384
309
328
302
327
274
288
287
356
249
227
394
269
450
294
287
355
226
483
375
350
416
464
384
631
273
403
486
278
318
289
332
313
357
425
260
256
271
384
356
277
300
512
524
419
204
241
307
478
741
340
393
307
228
282
267
348
309
352
336
343
258
385
248
302
248
236
330
394
263
265
284
233
504
370
344
305
229
261
222
359
489
372
414
224
336
263
375
303
379
444
491
203
427
417
313
393
359
356
219
311
448
366
404
346
321
383
380
351
357
259
219
323
332
239
348
247
310
305
428
329
307
323
256
353
310
361
341
215
349
364
340
216
350
323
422
349
326
295
383
320
357
202
264
338
310
286
362
222
298
234
367
338
371
486
238
229
300
202
396
200
256
218
399
237
455
371
202
429
262
226
296
295
352
400
366
432
278
330
283
402
230
339
245
227
219
340
261
242
219
252
326
301
381
220
249
441
223
319
352
249
328
404
290
332
271
362
268
209
326
446
262
281
341
260
404
379
255
237
329
375
341
421
334
207
230
329
252
461
289
373
282
258
258
304
378
224
213
359
277
359
307
368
232
365
354
238
373
404
247
365
358
262
265
288
298
241
275
383
363
252
266
289
550
289
271
327
211
283
360
333
255
284
314
242
275
256
216
346
340
200
235
439
297
441
308
219
400
490
298
265
221
334
209
287
272
259
207
299
315
362
217
239
261
339
291
245
272
377
287
302
288
246
344
326
233
429
295
274
253
268
286
356
218
253
320
289
248
206
417
257
258
419
206
457
401
328
209
407
255
345
253
373
217
202
267
317
253
316
344
240
313
293
427
338
229
315
380
294
335
252
234
289
264
305
285
292
308
224
252
296
235
222
299
209
358
325
232
276
327
477
457
363
283
377
269
237
249
327
321
229
346
333
213
208
227
360
359
433
301
329
285
363
241
261
235
353
230
474
335
396
252
340
234
337
420
297
356
263
232
273
246
225
235
308
297
329
352
211
262
327
228
310
380
307
388
261
317
260
362
328
309
213
285
217
212
313
311
314
226
363
378
322
345
331
340
220
403
275
299
289
233
269
335
203
291
235
267
347
261
438
235
295
239
290
446
340
210
213
295
255
249
242
284
341
273
299
226
202
379
253
256
333
373
245
205
208
278
299
308
559
208
251
305
288
302
343
209
286
217
243
238
429
301
287
232
337
356
241
623
273
339
293
379
346
245
232
239
280
238
365
234
355
332
325
316
332
378
206
254
224
338
208
257
440
259
320
315
228
301
285
350
306
242
277
307
202
243
217
256
282
235
228
371
233
287
296
221
204
208
231
317
288
240
319
202
277
357
237
291
304
217
207
230
234
233
258
238
225
222
271
234
259
256
296
290
326
267
214
255
215
203
205
252
200
314
249
267
274
249
258
232
244
230
258
260
223
246
241
240
252
269
249
339
281
293
309
217
207
237
291
335
255
246
295
283
268
224
293
268
273
250
250
209
289
264
217
283
277
293
233
266
212
227
237
214
300
203
214
287
265
373
210
284
237
296
201
242
222
292
244
230
208
366
310
225
252
210
340
204
269
261
211
264
260
206
263
237
234
288
772
509
488
716
762
603
396
564
355
708
747
766
667
613
638
736
814
678
308
825
640
573
978
832
607
1451
617
875
501
986
433
363
454
673
760
562
506
521
661
498
465
1003
778
617
621
723
815
687
903
707
445
540
762
686
651
658
826
598
376
775
833
574
652
556
618
637
743
821
823
559
550
524
717
616
719
588
584
656
686
675
677
659
626
611
511
691
655
692
809
621
655
597
521
545
694
489
703
533
548
644
519
574
700
633
553
544
569
342
497
750
423
645
568
401
