EVALUE HITS
0.0 17
1.58720501770235E-177 18
5.98907935401413E-174 19
1.10938603808758E-173 20
1.53642876495871E-173 21
7.17717188510517E-173 22
1.4641779002E-172 23
2.76368477210675E-169 24
7.8217300791608E-169 25
1.33413459060338E-166 26
3.06406111078716E-166 27
4.80553492096064E-166 28
6.59772428344529E-165 29
7.09056252202492E-164 30
2.6519737456644E-162 31
3.95089289124962E-161 32
1.28365834032145E-160 33
2.09174047617567E-160 34
5.40211734500948E-159 35
8.40403640034798E-159 36
1.4300059555968E-158 37
8.75979951000395E-156 38
5.83970139136698E-155 39
3.06405463483831E-153 40
7.50564139847074E-153 41
8.7447100386979E-151 42
4.66095426688848E-150 43
2.54319033066962E-148 44
4.7464084108001E-147 45
7.4949163953126E-144 46
1.42947783736546E-143 47
1.98108321890293E-143 48
4.18784499981758E-143 49
6.41972035982425E-141 50
3.29893167220027E-140 51
6.49184440189725E-140 52
9.64645320301696E-139 53
5.04402494532727E-138 54
5.65179113557894E-138 55
4.67272434921564E-137 56
4.18447074989848E-136 57
2.9831915676336E-135 58
4.36799329283229E-134 59
2.97407362983982E-133 60
4.94845725044341E-133 61
9.49789994323354E-132 62
1.40490322114839E-131 63
3.69859096808017E-131 64
4.99746129664196E-130 65
2.40309712609765E-129 66
1.30364727342404E-128 67
1.76538618763679E-127 68
1.37726899259265E-126 69
3.90375745320397E-126 70
3.96648572987856E-126 71
7.20555898506837E-125 72
1.29111018397747E-124 73
3.91036010112016E-124 74
6.05707737143381E-124 75
7.82007143578962E-122 76
2.72197290903496E-121 77
4.3118298468224E-121 78
6.8412383397026E-121 79
1.15752331883335E-119 80
2.6260253239926E-119 81
3.7290867019345E-118 82
4.41521688929513E-118 83
3.19950489736005E-117 84
1.67221820301248E-116 85
1.87328353913619E-116 86
6.14662923704016E-116 87
1.59389011113456E-115 88
4.05309280666635E-115 89
8.31006638477913E-115 90
1.58881087826783E-114 91
1.92757386841288E-114 92
2.41413364146665E-114 93
8.79553863339058E-114 94
1.6740631949771E-113 95
1.56597994428221E-112 96
8.21984508297751E-110 97
1.03748521190122E-109 98
5.93893288832289E-109 99
1.1546910480168E-108 100
2.00748214794859E-108 101
3.25074263659137E-108 102
3.81964728179339E-108 103
9.71043568416732E-108 104
2.06710419931067E-107 105
1.56412419862324E-105 106
1.33597750850259E-104 107
1.92962694453181E-104 108
3.66471701121203E-104 109
7.20830664169083E-104 110
8.02317127278094E-104 111
9.47543135103323E-104 112
9.98303113768125E-104 113
7.79425214179914E-103 114
9.41509196182914E-102 115
1.34434782053507E-100 116
2.33992186432238E-100 117
2.81848653552949E-100 118
7.36040607570178E-99 119
7.96616629485908E-99 120
8.61636784463362E-99 121
1.13270955539713E-97 122
4.14458865741596E-97 123
4.41774928647482E-97 124
1.58916085722159E-96 125
3.50992647895927E-96 126
6.29707669191021E-96 127
3.39924763216028E-95 128
4.05064985135793E-95 129
4.16073516188475E-95 130
1.29293288915685E-94 131
1.86457742677257E-94 132
6.38981429799767E-94 133
4.13178974769996E-93 134
5.62507186287304E-93 135
1.8341020307893E-92 136
2.28900823147392E-92 137
2.6818479171501E-92 138
3.81750504964684E-92 139
5.9269732048215E-92 140
9.60320717961497E-92 141
1.17916006286533E-91 142
5.56823873008489E-91 143
3.29256322944254E-90 144
3.37998675778847E-90 145
2.68000307244711E-89 146
4.04880429156725E-89 147
2.95740736777217E-88 148
4.31252989405998E-88 149
5.13692424461233E-88 150
1.05000565022368E-86 151
3.19890714650893E-86 152
3.34993050760853E-86 153
5.1842552987903E-86 154
1.27690931131542E-85 155
3.00882990761613E-84 156
3.25301659773514E-84 157
3.26902319883193E-84 158
3.4628446116542E-84 159
4.58587897747351E-84 160
6.63433755397239E-84 161
8.98734413489067E-84 162
1.10872249413638E-83 163
1.57734597410001E-83 164
1.7646998593049E-83 165
1.93614884196463E-83 166
2.21751095500591E-83 167
8.75136293719757E-83 168
1.17467380734064E-82 169
1.71651180906176E-82 170
2.04629743101791E-82 171
2.34869870651765E-82 172
3.40680673258905E-82 173
3.51929630318016E-82 174
3.65312315312703E-82 175
6.65473668498985E-82 176
9.07184739602238E-82 177
9.55676691519158E-82 178
5.38491816058555E-81 179
8.412680745196E-81 180
2.37248523981955E-80 181
2.91769243520411E-80 182
1.12657892818685E-79 183
1.48507297801908E-79 184
2.50434674795159E-79 185
2.93223056971025E-79 186
4.18764739010721E-79 187
4.41496470122526E-79 188
6.08707773908047E-79 189
8.03648937063943E-79 190
1.10688367963701E-78 191
3.63795559311401E-78 192
7.17639519175187E-78 193
8.84310843181348E-78 194
9.09504139930759E-78 195
1.45362340630745E-77 196
1.5505098760462E-77 197
2.24996563889797E-77 198
3.07703994240781E-77 199
3.40483598593876E-77 200
3.68194224776494E-77 201
3.78635253770033E-77 202
2.57824180187862E-76 203
3.6146290718606E-76 204
7.94512573166426E-76 205
8.90148345862385E-76 206
1.51831899788076E-75 207
6.44998374424763E-75 208
1.19841224730877E-74 209
2.37337735511081E-74 210
2.79835776488601E-74 211
4.54939877041315E-74 212
1.44437873817904E-73 213
1.52416181926054E-72 214
2.09746999304428E-72 215
3.47134598360402E-72 216
5.79690516416084E-72 217
1.01937140953367E-71 218
1.04540369571591E-71 219
1.50091518336629E-71 220
1.73600678513578E-71 221
1.77515651989811E-71 222
2.01617710991845E-71 223
2.38875029884811E-71 224
8.67780663959707E-71 225
1.41229009940277E-70 226
1.57009117517598E-70 227
2.12497934923212E-70 228
2.97244971035769E-70 229
3.28027931565294E-70 230
4.85413542795826E-70 231
5.18685477973295E-70 232
5.75141135877988E-70 233
6.26188318864814E-70 234
6.58197452725384E-70 235
6.60270018510407E-70 236
8.18903698897625E-70 237
1.15745020138384E-69 238
1.5935395420487E-69 239
2.40603093959292E-69 240
5.49234035975375E-69 241
6.26272675710514E-69 242
2.07283460556711E-68 243
2.40554222402164E-68 244
2.66254534088484E-68 245
3.61467347282273E-68 246
4.01700868237554E-68 247
4.67803417145368E-68 248
5.04098933565744E-68 249
5.1269259326066E-68 250
6.24676739891122E-68 251
7.48069141118578E-68 252
1.38437035654175E-67 253
1.92806935350164E-67 254
2.71135884238758E-67 255
3.72837440239992E-67 256
4.61696017265069E-67 257
7.54826879976099E-67 258
2.39396327002176E-66 259
2.57129255783017E-66 260
3.24742780601221E-66 261
4.376521520321E-66 262
1.52150885332044E-65 263
3.80245354263698E-65 264
4.3313889466771E-65 265
4.45384740606579E-65 266
9.23434720099673E-65 267
1.46244734299672E-64 268
2.76307554891201E-64 269
2.7960209503284E-64 270
4.79314165189543E-64 271
4.92628775460229E-64 272
4.94796958986937E-64 273
9.47004275657531E-64 274
1.0702452973724E-63 275
1.12535142718287E-63 276
1.33831569217701E-63 277
2.49142610706662E-63 278
5.12757774705017E-63 279
5.96644258722122E-63 280
7.19447824706209E-63 281
9.77492370179272E-63 282
2.07271118258485E-62 283
2.37095081904977E-62 284
3.20437736085613E-62 285
3.59663931293146E-62 286
4.43933062525879E-62 287
5.0861842035667E-62 288
7.68547656378776E-62 289
1.03079232102451E-61 290
2.52051519423409E-61 291
3.57681249311806E-61 292
4.88010083662438E-61 293
7.86405879632565E-61 294
8.10631717278347E-61 295
1.1567622369048E-60 296
2.59631569615389E-60 297
3.05055793963791E-60 298
4.65459306167215E-60 299
5.30088272340907E-60 300
1.07333146424902E-59 301
1.22670938500532E-59 302
1.37676464478259E-59 303
1.52499824497977E-59 304
1.56285182514773E-59 305
1.63228379905023E-59 306
3.96579239812994E-59 307
4.60407677247676E-59 308
5.4584743984873E-59 309
8.60730156924655E-59 310
1.45691506050458E-58 311
1.50301743087896E-58 312
2.82081524676518E-58 313
2.99610250770141E-58 314
3.86268143262752E-58 315
7.10026744946958E-58 316
9.97265987019067E-58 317
1.16611280759262E-57 318
1.17254584026513E-57 319
1.22463888901982E-57 320
1.45572119655963E-57 321
1.8484184884156E-57 322
2.02093000730251E-57 323
2.05240474510648E-57 324
2.43771243197511E-57 325
2.67484628402172E-57 326
7.23156961661775E-57 327
1.30513342746436E-56 328
1.32246397990148E-56 329
1.3963663068374E-56 330
1.42054039740544E-56 331
1.58522916786829E-56 332
1.68104507831897E-56 333
2.25195090502071E-56 334
3.31948926374941E-56 335
3.33220170455212E-56 336
3.5053568966871E-56 337
6.03340313423616E-56 338
6.21019153051695E-56 339
6.24161650250698E-56 340
1.0615697488461E-55 341
1.12497629534914E-55 342
1.14262618349667E-55 343
1.83735331480565E-55 344
2.11855165805358E-55 345
2.6354340897103E-55 346
2.66067787054403E-55 347
2.68979386382516E-55 348
3.85698641956071E-55 349
4.00058694423407E-55 350
4.28900494648244E-55 351
5.09189601207379E-55 352
5.33458291106982E-55 353
5.39238282165961E-55 354
7.35373193225904E-55 355
1.09140129498713E-54 356
1.14477275485776E-54 357
1.42212740802217E-54 358
1.68888179104602E-54 359
2.94857590586831E-54 360
3.57550609307276E-54 361
4.3579977174806E-54 362
5.86406892335078E-54 363
1.18189483754188E-53 364
1.41544360667604E-53 365
1.64341508224462E-53 366
1.66936328800116E-53 367
2.03616087185453E-53 368
3.19965333008367E-53 369
3.25318279800796E-53 370
4.2316973420411E-53 371
4.91999449867148E-53 372
5.6010601783146E-53 373
6.02000139888986E-53 374
7.27221152584E-53 375
7.3873154997195E-53 376
9.12525386855072E-53 377
1.4100465212414E-52 378
1.98023742460442E-52 379
2.06762348285696E-52 380
2.12853778697788E-52 381
3.32580078357533E-52 382
5.04772063636092E-52 383
5.19332719517461E-52 384
7.72927074286146E-52 385
7.75760819722659E-52 386
7.86704547105072E-52 387
2.27036406651983E-51 388
3.01961873689241E-51 389
3.82583105604944E-51 390
4.69867205563597E-51 391
5.9966476800638E-51 392
7.60947169520606E-51 393
8.27866684719959E-51 394
1.64725723821019E-50 395
2.45883801181828E-50 396
3.08080709553766E-50 397
3.08340295804946E-50 398
3.40587218935775E-50 399
4.61025658078673E-50 400
6.39461768195011E-50 401
1.03104405037688E-49 402
1.4272553802898E-49 403
1.87871451952194E-49 404
2.11381974827809E-49 405
2.18162578309672E-49 406
2.21996718648488E-49 407
2.42107251538782E-49 408
3.2020989453889E-49 409
3.47669314425414E-49 410
7.31647262323416E-49 411
9.73675541970264E-49 412
1.20310555626889E-48 413
3.71220210757709E-48 414
5.77416779274113E-48 415
7.29342225268504E-48 416
1.0222124415025E-47 417
1.08060935808762E-47 418
1.09995000530699E-47 419
1.13077055530886E-47 420
1.40451317138252E-47 421
1.45610712624577E-47 422
1.99857554528785E-47 423
2.57653261350191E-47 424
3.67996256930287E-47 425
3.81116364832643E-47 426
4.98012987609869E-47 427
5.60544293380223E-47 428
6.04689808045494E-47 429
7.35070101621684E-47 430
8.36205450728234E-47 431
8.57175845982068E-47 432
8.84252006538017E-47 433
1.12902962992229E-46 434
2.59289453502994E-46 435
2.81758055440657E-46 436
2.94097241104006E-46 437
3.40876593153496E-46 438
4.38849708273898E-46 439
5.36833792382142E-46 440
1.11430624034968E-45 441
1.12186955736048E-45 442
1.2505663386642E-45 443
1.37631069071696E-45 444
1.45597897887021E-45 445
1.46959614183494E-45 446
2.16748479737251E-45 447
3.62306418351091E-45 448
3.77160633298369E-45 449
4.17289976310772E-45 450
4.78893915892383E-45 451
6.12834182175816E-45 452
6.15218555765063E-45 453
6.71888153511699E-45 454
8.06722561384626E-45 455
8.58630667867274E-45 456
1.39167866656835E-44 457
1.75548215175152E-44 458
2.37841255323138E-44 459
5.16421761490953E-44 460
6.12719303210545E-44 461
6.94904624668647E-44 462
9.46267370316677E-44 463
1.18424242371422E-43 464
1.37018714820675E-43 465
1.37614115668142E-43 466
1.42879229745956E-43 467
1.67581455764558E-43 468
1.81758813163311E-43 469
1.81906491151753E-43 470
1.9290101059978E-43 471
2.02998303439007E-43 472
2.10544843497448E-43 473
2.29177464798112E-43 474
2.45834768469624E-43 475
3.86008420704706E-43 476
4.69781841904853E-43 477
4.99287271496232E-43 478
5.43183243744614E-43 479
6.31187989038054E-43 480
6.81619461043682E-43 481
7.04760471766273E-43 482
8.41921809863321E-43 483
8.43074324026027E-43 484
8.88907608839979E-43 485
9.42880815424544E-43 486
9.47376496015545E-43 487
9.8461612095798E-43 488
1.30043618046628E-42 489
1.6277314367878E-42 490
1.83384190711368E-42 491
2.07512321548379E-42 492
2.09776208723956E-42 493
2.24310994224168E-42 494
2.28903629152025E-42 495
2.57594187553148E-42 496
2.81034673792855E-42 497
3.34485569072762E-42 498
3.78457506698378E-42 499
4.65836967464883E-42 500
7.58083557029949E-42 501
7.87232084406E-42 502
8.61011626493029E-42 503
9.96574760901387E-42 504
1.08895785504064E-41 505
1.16248607612327E-41 506
1.56227594205379E-41 507
2.11686884426275E-41 508
2.1272872414132E-41 509
2.27725733904004E-41 510
2.36971145140264E-41 511
3.77042038115748E-41 512
4.15280048722861E-41 513
4.2017135431921E-41 514
4.75223918519539E-41 515
4.83486156346123E-41 516
6.58445834551961E-41 517
1.52161749178634E-40 518
1.71480320308305E-40 519
1.78046436275168E-40 520
2.52062108003525E-40 521
2.68554629233124E-40 522
2.9060763500405E-40 523
3.57321207732934E-40 524
4.6800512945107E-40 525
7.02616871572248E-40 526
1.03345975503035E-39 527
1.60531017370009E-39 528
1.69155704749239E-39 529
1.79310994758897E-39 530
1.89430673568358E-39 531
2.48744698966036E-39 532
2.796042857314E-39 533
3.27629716546954E-39 534
3.89549915509515E-39 535
4.9307411155272E-39 536
5.37045660225388E-39 537
5.86551614404553E-39 538
5.88480382543397E-39 539
6.17630036073536E-39 540
6.96893535265115E-39 541
7.95938640588173E-39 542
8.27063331226609E-39 543
8.89906431196927E-39 544
9.18772707464273E-39 545
1.13622696017262E-38 546
1.15325968150018E-38 547
1.29065010065967E-38 548
1.30072847869902E-38 549
1.42302381584156E-38 550
1.60763025183932E-38 551
1.66694428537658E-38 552
1.73760144689874E-38 553
2.45105984149719E-38 554
2.68429681323781E-38 555
3.22758822302529E-38 556
3.77346090326794E-38 557
3.78947439980539E-38 558
4.7475771104897E-38 559
6.11954524030227E-38 560
6.52619933135374E-38 561
6.95582337619912E-38 562
7.66400686264586E-38 563
8.89531608578545E-38 564
9.47968746004411E-38 565
1.00605907884435E-37 566
1.06052729857598E-37 567
1.12378819545673E-37 568
1.24748420733729E-37 569
1.45915684509072E-37 570
1.53375767871776E-37 571
1.55429005130001E-37 572
1.59784811429104E-37 573
1.85365924546168E-37 574
2.85114289734959E-37 575
3.16081711765341E-37 576
3.25982044250715E-37 577
3.2896032520483E-37 578
3.34606789052952E-37 579
4.21782345026854E-37 580
4.69615333891844E-37 581
7.64084290575684E-37 582
9.33268587528148E-37 583
9.35373611645008E-37 584
1.2107536203133E-36 585
1.52555685911152E-36 586
1.67580087742922E-36 587
1.78905521583249E-36 588
2.0082763060638E-36 589
2.24390162690563E-36 590
2.46891658692112E-36 591
2.64534354285604E-36 592
3.07977781958755E-36 593
3.13677811945636E-36 594
3.30965032453383E-36 595
3.40591171756821E-36 596
3.82857042099421E-36 597
6.6844158166961E-36 598
7.37234534350362E-36 599
8.83534382153111E-36 600
9.08523261747804E-36 601
9.10623713474271E-36 602
9.21738376085701E-36 603
1.14910199768985E-35 604
1.2586466630465E-35 605
1.324702442981E-35 606
1.51679877414596E-35 607
1.55888145861514E-35 608
1.61457217226301E-35 609
1.67053585980644E-35 610
1.76605829339947E-35 611
1.87676833642279E-35 612
2.4101055621362E-35 613
2.51983417787312E-35 614
2.66526834971761E-35 615
2.88149263650073E-35 616
2.91788388407923E-35 617
3.0181642819188E-35 618
3.31303073421696E-35 619
3.88372980764016E-35 620
3.97576274210506E-35 621
4.72308868947837E-35 622
4.84415152260326E-35 623
5.23928246169767E-35 624
5.75127250744164E-35 625
5.8149209485719E-35 626
7.22869032977788E-35 627
9.84790022151219E-35 628
1.06723456512294E-34 629
1.0749166532799E-34 630
1.21759321510544E-34 631
1.23229767791896E-34 632
1.2582829811534E-34 633
1.28682835038412E-34 634
1.35732109040306E-34 635
1.36009128278184E-34 636
1.53083737420358E-34 637
1.68026150248453E-34 638
1.80609588200115E-34 639
1.84806694315668E-34 640
2.10869471741467E-34 641
2.21323236879297E-34 642
2.2407679333898E-34 643
2.24294423217681E-34 644
2.33488070384028E-34 645
2.77904993909139E-34 646
2.82968421521885E-34 647
2.91573042978809E-34 648
3.23327072081004E-34 649
3.26165950895437E-34 650
3.95168416241756E-34 651
4.99080213639963E-34 652
6.55509015103003E-34 653
2.09231566927156E-33 654
2.27098610158323E-33 655
2.54591390335806E-33 656
3.22297200120754E-33 657
3.81289074278909E-33 658
4.24432196266114E-33 659
4.31023785471466E-33 660
5.45536584264447E-33 661
6.5100567421478E-33 662
7.25865259461869E-33 663
9.21276514735374E-33 664
1.28903229819619E-32 665
1.7724875023078E-32 666
2.09465854594459E-32 667
2.35617773803985E-32 668
2.46354256540906E-32 669
2.47681032942975E-32 670
2.64158809684009E-32 671
2.91438957755566E-32 672
3.14138718371808E-32 673
4.35790537355848E-32 674
4.9620560597257E-32 675
4.97220168831701E-32 676
5.97493403542255E-32 677
6.07909435829983E-32 678
7.86226352142844E-32 679
9.22546718750154E-32 680
9.92170523594562E-32 681
1.11851716466076E-31 682
1.15105803664815E-31 683
1.27499191129849E-31 684
1.42380530772235E-31 685
2.25090698612468E-31 686
2.26350513350136E-31 687
2.38693405841453E-31 688
2.52491232806016E-31 689
2.82305477023384E-31 690
5.20360972966328E-31 691
5.27123018189104E-31 692
5.67615921991795E-31 693
6.1662439837944E-31 694
6.40407537769768E-31 695
6.62238296721699E-31 696
7.48645046923361E-31 697
1.10120508096559E-30 698
1.33316229080667E-30 699
1.37881787981418E-30 700
1.60442641105625E-30 701
1.78951273142172E-30 702
1.9800910108255E-30 703
2.00861065800246E-30 704
2.0523653854966E-30 705
2.44269196869653E-30 706
2.59664615011613E-30 707
2.6371186123466E-30 708
3.02056820684584E-30 709
3.03911451854096E-30 710
3.15197232787943E-30 711
3.30363295266397E-30 712
3.55549697687501E-30 713
4.57270103241766E-30 714
4.75386564103193E-30 715
4.89769671232877E-30 716
4.93151586983926E-30 717
5.59299719781448E-30 718
7.48881882429328E-30 719
8.68728969214071E-30 720
8.93502344418891E-30 721
9.17655847599888E-30 722
9.98202324034548E-30 723
1.02945544009655E-29 724
1.25193794093493E-29 725
1.28309097977786E-29 726
1.40965747397293E-29 727
1.42532627590244E-29 728
1.56083630021709E-29 729
1.68836735956421E-29 730
2.09844273292642E-29 731
2.15442033469367E-29 732
2.60655752799978E-29 733
2.80856499136127E-29 734
3.16370693484851E-29 735
3.41964254120769E-29 736
3.88292372066767E-29 737
4.73641272989899E-29 738
4.87374748378955E-29 739
5.14542236721642E-29 740
6.21181897321342E-29 741
6.76575672649091E-29 742
6.77088504453746E-29 743
8.64118533494585E-29 744
9.0128227902496E-29 745
9.50113525488145E-29 746
1.14288650345466E-28 747
1.28199337515974E-28 748
1.37242628103442E-28 749
1.42461201695916E-28 750
1.69530805437821E-28 751
1.85202206822713E-28 752
2.06707401427366E-28 753
2.09423571035018E-28 754
2.12939365033179E-28 755
2.13275554768121E-28 756
2.16419366919812E-28 757
2.18893331879889E-28 758
2.36859283982603E-28 759
2.42722253773241E-28 760
3.58326231901012E-28 761
3.66528017515635E-28 762
3.89721194044045E-28 763
5.26504529522047E-28 764
5.4697678567017E-28 765
6.41804830891465E-28 766
6.94736420138036E-28 767
9.08102485730313E-28 768
9.30495058691852E-28 769
1.00425382087552E-27 770
1.01141852752933E-27 771
1.25700795331047E-27 772
1.342164960372E-27 773
1.39116566237172E-27 774
2.51306318600481E-27 775
2.87292023340194E-27 776
3.06088628022118E-27 777
3.5824561474196E-27 778
3.75504065998029E-27 779
4.1686890510568E-27 780
5.30513305595249E-27 781
5.31467053106201E-27 782
5.94259685716967E-27 783
6.00096899591614E-27 784
6.49700396496076E-27 785
7.58523291247149E-27 786
7.88323264042491E-27 787
8.17572914383322E-27 788
8.34608685249326E-27 789
8.51772900570805E-27 790
9.05345287478797E-27 791
1.04233262925346E-26 792
1.12947522325804E-26 793
1.13905179239527E-26 794
1.48004715687904E-26 795
1.62001546887801E-26 796
1.67781790779393E-26 797
1.80984311267356E-26 798
1.97786700612365E-26 799
2.05579520141713E-26 800
2.19221371648722E-26 801
2.22876103895957E-26 802
2.52081257655965E-26 803
2.55798167242807E-26 804
3.14169511505306E-26 805
3.42351369305507E-26 806
3.53717463252784E-26 807
4.19189218126697E-26 808
5.44744858371261E-26 809
5.84075758330326E-26 810
6.3874568963865E-26 811
6.4217641275631E-26 812
6.64737811645023E-26 813
6.69496604883122E-26 814
7.52469313809159E-26 815
8.43596430756267E-26 816
8.64894570916239E-26 817
8.92318193888442E-26 818
9.31301800958776E-26 819
1.00368013584841E-25 820
1.00998988141073E-25 821
1.03593794389154E-25 822
1.09422137749477E-25 823
1.19945542352082E-25 824
1.48488447988417E-25 825
1.54096141754321E-25 826
1.56297716047282E-25 827
1.68051627989913E-25 828
2.03097848987719E-25 829
2.06185012725825E-25 830
2.15322981590384E-25 831
2.19895208008714E-25 832
2.87801612056163E-25 833
3.01978447954585E-25 834
3.2588270275579E-25 835
3.3959423099274E-25 836
4.17423350472691E-25 837
4.20381627737468E-25 838
6.85175722311965E-25 839
7.02091909437358E-25 840
7.60285471435073E-25 841
7.81961448323116E-25 842
8.85992632457343E-25 843
9.7729340895567E-25 844
1.05704289519797E-24 845
1.08353021914868E-24 846
1.23091143487089E-24 847
1.38643347708642E-24 848
1.45439661455569E-24 849
1.5935555537053E-24 850
1.59806484448119E-24 851
1.60799248682801E-24 852
1.70500222451343E-24 853
2.0793895772904E-24 854
2.20703853537531E-24 855
2.39409332688832E-24 856
2.51639657865947E-24 857
2.55747533921697E-24 858
2.56744679142746E-24 859
2.88589264566089E-24 860
2.94930558448035E-24 861
2.96430655263139E-24 862
3.09504879264053E-24 863
3.52843450399489E-24 864
4.30679830354691E-24 865
4.47529313486039E-24 866
4.6508034268932E-24 867
4.89579637890061E-24 868
4.91746648208301E-24 869
5.30851124210285E-24 870
5.53599615979172E-24 871
6.3441170281443E-24 872
7.14678286872606E-24 873
7.99597637664827E-24 874
8.9681459765697E-24 875
1.04306200471881E-23 876
1.41478046017019E-23 877
1.82386541112485E-23 878
2.10889010606501E-23 879
2.33177743979972E-23 880
2.35789391063214E-23 881
3.33007441843043E-23 882
3.61950006903266E-23 883
4.0136692536199E-23 884
4.11022153689953E-23 885
4.27309375778837E-23 886
5.06968882252323E-23 887
5.10387960888228E-23 888
6.18078695279208E-23 889
6.67133032559559E-23 890
8.77692618248643E-23 891
1.05167247621695E-22 892
1.09580874977816E-22 893
1.19317124173139E-22 894
1.33177203280533E-22 895
1.50392833791169E-22 896
1.7064337312321E-22 897
1.72427083417672E-22 898
1.89818908967034E-22 899
1.93402166452326E-22 900
2.21636049013718E-22 901
2.2461185653958E-22 902
2.28376816515785E-22 903
2.52528138015474E-22 904
2.58076905209956E-22 905
2.66305408287611E-22 906
3.17482009770476E-22 907
3.19888152088727E-22 908
3.28760531478285E-22 909
3.30126174699103E-22 910
3.67545752166338E-22 911
4.1781721882613E-22 912
5.38920657359124E-22 913
7.28188351419704E-22 914
7.29333421234289E-22 915
7.31274067095444E-22 916
9.08523894925706E-22 917
1.25618715157314E-21 918
1.2804253191803E-21 919
1.32702940456407E-21 920
1.35472278833925E-21 921
1.64702155256488E-21 922
1.73813676245273E-21 923
1.95716575689175E-21 924
2.14943679310205E-21 925
2.22118020338728E-21 926
2.32427606017765E-21 927
2.676567417488E-21 928
3.0687548114131E-21 929
3.08399650944851E-21 930
3.22467964251418E-21 931
3.68505225377409E-21 932
3.7955897218362E-21 933
4.61873700750086E-21 934
4.83538070892817E-21 935
4.86257441639132E-21 936
5.45755061970143E-21 937
6.58774697466415E-21 938
7.03760662913587E-21 939
9.04378993604763E-21 940
1.0254472955367E-20 941
1.03080176369485E-20 942
1.05928412314049E-20 943
1.16155697734926E-20 944
1.16459299014521E-20 945
1.21279405101763E-20 946
1.25735101043779E-20 947
1.38109967819961E-20 948
1.39496889831359E-20 949
1.69820440572679E-20 950
1.84802878790876E-20 951
1.93861954412021E-20 952
1.95086809910596E-20 953
2.25101522212863E-20 954
2.38332427923514E-20 955
2.39520392920971E-20 956
3.08613896946008E-20 957
3.60821505524339E-20 958
3.70812491108118E-20 959
3.71262792724339E-20 960
3.85838575934102E-20 961
3.87544560485311E-20 962
5.27054913324283E-20 963
6.77135713686339E-20 964
7.01881924534377E-20 965
7.5338524249328E-20 966
8.31506971915407E-20 967
8.33292084519994E-20 968
9.11563490934459E-20 969
9.1453553075769E-20 970
9.85185815046184E-20 971
1.07464157396195E-19 972
1.14069440770935E-19 973
1.26067979344482E-19 974
1.29061104401113E-19 975
1.32702361693624E-19 976
1.78794728160947E-19 977
2.08198777000315E-19 978
2.6251025554291E-19 979
2.62571392378936E-19 980
2.64596274786661E-19 981
2.81942044688295E-19 982
3.03564178185084E-19 983
3.38883506138535E-19 984
3.43063247637805E-19 985
3.48754783312202E-19 986
3.48868051364616E-19 987
3.50403231300599E-19 988
3.99904993079151E-19 989
4.440130209212E-19 990
5.46718621243919E-19 991
5.8202062086922E-19 992
6.12491858051126E-19 993
6.19939939741035E-19 994
6.88840477469098E-19 995
7.17017024738945E-19 996
7.27911454006033E-19 997
7.89181715852842E-19 998
1.03742257140513E-18 999
1.31429209403559E-18 1000
1.58056873727086E-18 1001
1.70373566072045E-18 1002
2.22270758438503E-18 1003
2.24525898458515E-18 1004
2.89501475057283E-18 1005
2.99270226224101E-18 1006
3.09480894250551E-18 1007
3.29354578334228E-18 1008
3.75272162332497E-18 1009
3.81173962041691E-18 1010
4.62851946738473E-18 1011
4.95609924848349E-18 1012
5.0389116582912E-18 1013
5.09275934839679E-18 1014
5.33704129991371E-18 1015
6.4199177365109E-18 1016
6.43524589911358E-18 1017
6.43827873306794E-18 1018
6.55210138189638E-18 1019
8.51229344351492E-18 1020
8.52951502202554E-18 1021
8.61373623556885E-18 1022
9.43024570320906E-18 1023
9.87512271526672E-18 1024
1.00808403619598E-17 1025
1.21149257106993E-17 1026
1.26512009645508E-17 1027
1.30785778151984E-17 1028
1.39975363657375E-17 1029
1.57042389153537E-17 1030
1.57414630046357E-17 1031
1.58008411893403E-17 1032
1.5832911617059E-17 1033
1.59304080236902E-17 1034
1.61102021553031E-17 1035
1.65229801543606E-17 1036
1.85867597806841E-17 1037
1.91461263025612E-17 1038
2.13973152048539E-17 1039
2.26880419752086E-17 1040
2.34630577595195E-17 1041
2.4565084907495E-17 1042
2.63394249517038E-17 1043
2.64307145111988E-17 1044
2.81885379013265E-17 1045
3.13411803183713E-17 1046
3.31387988899628E-17 1047
3.52006017788297E-17 1048
3.66419569589625E-17 1049
3.8589354997156E-17 1050
4.07203639601471E-17 1051
4.58671118958642E-17 1052
5.16318987658179E-17 1053
5.27612583603597E-17 1054
5.78634186832181E-17 1055
6.06920183653725E-17 1056
7.02895380271139E-17 1057
7.26949930150796E-17 1058
8.47032565212493E-17 1059
8.52992127417373E-17 1060
8.59999655887307E-17 1061
9.4504495523639E-17 1062
9.79707680882313E-17 1063
1.03575614137167E-16 1064
1.1787478374025E-16 1065
1.20950546536467E-16 1066
1.22609170134064E-16 1067
1.24525024526951E-16 1068
1.42575990684272E-16 1069
1.51320442538063E-16 1070
1.61014015322542E-16 1071
1.62495421818113E-16 1072
1.66209099029018E-16 1073
1.97773286995347E-16 1074
2.08779734973235E-16 1075
2.14024960050795E-16 1076
2.1735275350696E-16 1077
2.23161423161654E-16 1078
2.29625652437375E-16 1079
2.30703921368442E-16 1080
2.41649372965799E-16 1081
3.17346475964507E-16 1082
3.50487122743427E-16 1083
3.51850644623743E-16 1084
3.59816034999069E-16 1085
3.9428079181248E-16 1086
4.58625267869103E-16 1087
4.74346045276125E-16 1088
5.16076352352312E-16 1089
5.216658824985E-16 1090
5.98133121750309E-16 1091
6.26911725248335E-16 1092
7.82508826777835E-16 1093
9.96783408759838E-16 1094
1.02129612190577E-15 1095
1.0956431584153E-15 1096
1.09614954746418E-15 1097
1.34041133139136E-15 1098
1.39508938904321E-15 1099
1.51227114003394E-15 1100
1.53920005453086E-15 1101
1.72292200527457E-15 1102
1.7833254982676E-15 1103
1.9875175678313E-15 1104
2.16057438103318E-15 1105
2.2945466515839E-15 1106
2.29970209823344E-15 1107
2.32325069802509E-15 1108
3.0745100896616E-15 1109
3.09237565867466E-15 1110
3.47408513420974E-15 1111
3.94871460725489E-15 1112
3.98225392356425E-15 1113
4.45135903706824E-15 1114
4.88709390581914E-15 1115
5.15527185398593E-15 1116
6.01545680533837E-15 1117
6.26809747079578E-15 1118
6.8732313195545E-15 1119
7.17466154280596E-15 1120
8.2387842304266E-15 1121
8.40704284119736E-15 1122
8.57339058656899E-15 1123
9.28758347255873E-15 1124
9.37855440090996E-15 1125
9.68941849977172E-15 1126
1.03055755853561E-14 1127
1.1029005562355E-14 1128
1.13229616753788E-14 1129
1.13759491326542E-14 1130
1.26282455116992E-14 1131
1.29166988644407E-14 1132
1.55807805390735E-14 1133
1.74896223073259E-14 1134
1.8297121073642E-14 1135
1.87494997076902E-14 1136
1.8851479872202E-14 1137
1.92342820152137E-14 1138
1.93603753222661E-14 1139
1.94697138780557E-14 1140
2.1506690176432E-14 1141
2.35139844695935E-14 1142
2.80565182681043E-14 1143
2.98158918515729E-14 1144
3.29083402624821E-14 1145
3.30442467359743E-14 1146
3.30605364689637E-14 1147
3.32145248570652E-14 1148
3.34715095221567E-14 1149
3.83110648174804E-14 1150
4.22185858092071E-14 1151
4.34264198721531E-14 1152
5.17678199462546E-14 1153
5.23175776107288E-14 1154
5.36614838807983E-14 1155
5.54913636315383E-14 1156
5.64417476931448E-14 1157
5.71311826106562E-14 1158
7.05899557290599E-14 1159
7.65796755989619E-14 1160
8.45581610648708E-14 1161
1.26325727549598E-13 1162
1.2691627132074E-13 1163
1.27299542306392E-13 1164
1.41894949335745E-13 1165
1.44793704891999E-13 1166
1.49633487854497E-13 1167
1.60328226296861E-13 1168
1.62901520685309E-13 1169
1.6390999535605E-13 1170
1.6612759324589E-13 1171
1.66511703156002E-13 1172
1.75000189319507E-13 1173
1.80148317569683E-13 1174
1.80827783693564E-13 1175
1.85533273468899E-13 1176
1.91368338129588E-13 1177
2.01800921116589E-13 1178
2.30065829384384E-13 1179
2.32041481848262E-13 1180
2.36309742475922E-13 1181
2.47943973145357E-13 1182
2.671698023803E-13 1183
2.7985086695089E-13 1184
2.81498121536166E-13 1185
3.13202790301754E-13 1186
3.64213021336467E-13 1187
3.69166048552963E-13 1188
3.85100140422647E-13 1189
4.24036860361821E-13 1190
4.73837842365459E-13 1191
6.10947303596787E-13 1192
6.23237400253399E-13 1193
6.73690955907425E-13 1194
9.13688044220999E-13 1195
9.33800517157745E-13 1196
9.55835323196083E-13 1197
9.65825060693695E-13 1198
9.82382592591653E-13 1199
1.08337625726819E-12 1200
1.21983745712182E-12 1201
1.40218061049589E-12 1202
1.45003690800531E-12 1203
1.50482616849676E-12 1204
1.58087097208866E-12 1205
1.59282243252778E-12 1206
1.68976096104531E-12 1207
1.74734584961376E-12 1208
1.87904161006441E-12 1209
2.02735865133467E-12 1210
2.10390071127743E-12 1211
2.16264709472094E-12 1212
2.17263530763018E-12 1213
2.17760360402334E-12 1214
2.18706431674286E-12 1215
2.62784105724771E-12 1216
2.68624500462064E-12 1217
2.82357540731495E-12 1218
3.00553854275019E-12 1219
3.15121752666949E-12 1220
3.57476915257139E-12 1221
3.66384173888718E-12 1222
4.09506578132278E-12 1223
4.59288926401613E-12 1224
4.84412435078318E-12 1225
4.9366475094019E-12 1226
5.05673114096624E-12 1227
5.27190225383847E-12 1228
5.27637886389993E-12 1229
5.34834748123098E-12 1230
6.07507957279103E-12 1231
6.51069600336276E-12 1232
6.84395317866503E-12 1233
6.89648635866281E-12 1234
6.92283928913007E-12 1235
7.27033069207146E-12 1236
8.76138446364078E-12 1237
9.04451827097328E-12 1238
9.07076850310602E-12 1239
1.04364761311536E-11 1240
1.07051377204075E-11 1241
1.18390279052583E-11 1242
1.19266616870863E-11 1243
1.30334965415904E-11 1244
1.51005868396303E-11 1245
1.54422681007773E-11 1246
1.57457559890107E-11 1247
1.59801791145841E-11 1248
1.63429198210672E-11 1249
1.68145846548481E-11 1250
1.83174846548038E-11 1251
1.93449510115812E-11 1252
1.99084832675642E-11 1253
2.19117728046154E-11 1254
2.26767542429364E-11 1255
2.2896948143754E-11 1256
2.40881836144348E-11 1257
2.64431237698381E-11 1258
2.77810214434573E-11 1259
2.78722467786686E-11 1260
2.86817614478388E-11 1261
2.96581357158332E-11 1262
3.03782709393511E-11 1263
3.06923599665042E-11 1264
3.24821436105306E-11 1265
3.27806486823903E-11 1266
3.43576941867099E-11 1267
3.49332398448604E-11 1268
3.50961909857125E-11 1269
3.59994942828021E-11 1270
3.67406446559512E-11 1271
3.83687788918492E-11 1272
4.06530948095464E-11 1273
4.34377947823581E-11 1274
4.89224806704339E-11 1275
5.00056975577327E-11 1276
5.17431973584312E-11 1277
5.68388693038776E-11 1278
6.93149357030281E-11 1279
7.43682670800314E-11 1280
7.74757808568627E-11 1281
7.79609427954503E-11 1282
7.84454394371064E-11 1283
9.02670049895832E-11 1284
9.14692343825837E-11 1285
1.00153368902846E-10 1286
1.04429700081927E-10 1287
1.31630775526839E-10 1288
1.72050429942761E-10 1289
1.76562556830147E-10 1290
1.78857488540355E-10 1291
1.88325058917937E-10 1292
1.95196833666216E-10 1293
1.95694491341644E-10 1294
2.00333825881279E-10 1295
2.02954005572275E-10 1296
2.18757432501819E-10 1297
2.25420012089893E-10 1298
2.27336951161386E-10 1299
2.33582691316741E-10 1300
2.78348979961795E-10 1301
2.84282163353955E-10 1302
2.91378263311317E-10 1303
3.20728889568995E-10 1304
3.49407359893649E-10 1305
3.51051171265455E-10 1306
3.7733486311623E-10 1307
4.13386282168087E-10 1308
4.75114437706333E-10 1309
4.94453846496182E-10 1310
4.94641458255768E-10 1311
5.08109353640304E-10 1312
5.18117509500359E-10 1313
6.5295591861276E-10 1314
6.57390952727847E-10 1315
6.91462473299617E-10 1316
7.43405451185554E-10 1317
8.87642538187094E-10 1318
9.287037791288E-10 1319
1.17821637756164E-9 1320
1.23674340496109E-9 1321
1.25497696220029E-9 1322
1.29668788002704E-9 1323
1.38813116547399E-9 1324
1.46398485029576E-9 1325
1.74831367189765E-9 1326
1.85983355716177E-9 1327
1.87243151393823E-9 1328
2.17854537953333E-9 1329
2.23031865376304E-9 1330
2.28118497682185E-9 1331
2.34423031809356E-9 1332
2.46883256312903E-9 1333
2.47643454257265E-9 1334
2.47692291603503E-9 1335
2.59382561579585E-9 1336
2.70005399966519E-9 1337
2.87875351888927E-9 1338
3.05282960559734E-9 1339
3.20932279323894E-9 1340
3.29162542305043E-9 1341
3.47903997014505E-9 1342
3.84155588325462E-9 1343
4.13404708399098E-9 1344
5.20841288011237E-9 1345
5.2766119644921E-9 1346
5.3292213821433E-9 1347
5.37137402420525E-9 1348
6.29611614628279E-9 1349
6.32954399671717E-9 1350
7.6508647424538E-9 1351
8.28529523735186E-9 1352
9.93672447472605E-9 1353
1.1575755140067E-8 1354
1.25944998459019E-8 1355
1.36974353162509E-8 1356
1.54626125886508E-8 1357
1.56293986701787E-8 1358
1.60268470185565E-8 1359
1.77057495044255E-8 1360
2.09101355944151E-8 1361
2.12656337080504E-8 1362
2.14099691952577E-8 1363
2.24299685785043E-8 1364
2.30320622102346E-8 1365
2.39357208067963E-8 1366
2.5686767522451E-8 1367
2.74055504153822E-8 1368
2.83233772866406E-8 1369
3.34163572654746E-8 1370
3.52378826853439E-8 1371
3.56697043827426E-8 1372
3.61502378472347E-8 1373
3.93066959684332E-8 1374
4.08011711283151E-8 1375
4.14783975944344E-8 1376
4.2516083272455E-8 1377
4.27238096855016E-8 1378
4.84469193553442E-8 1379
4.95890693164638E-8 1380
5.15531414795968E-8 1381
5.31695003658788E-8 1382
5.83928995122327E-8 1383
6.00452766426503E-8 1384
6.14682009219457E-8 1385
6.19506020702176E-8 1386
6.39858797748667E-8 1387
6.87313215495253E-8 1388
7.53598308139084E-8 1389
7.5712541650198E-8 1390
8.51735570407615E-8 1391
8.6506006791964E-8 1392
1.03240368794208E-7 1393
1.03730463919857E-7 1394
1.05856124505919E-7 1395
1.14867471257778E-7 1396
1.17800879520571E-7 1397
1.22548025529397E-7 1398
1.29984781652511E-7 1399
1.39877399185027E-7 1400
1.40050157483917E-7 1401
1.42767639100617E-7 1402
1.49494695201926E-7 1403
1.56493209338185E-7 1404
1.57703512204475E-7 1405
1.70605636364253E-7 1406
1.78126333946792E-7 1407
1.78743813699804E-7 1408
2.0339531091029E-7 1409
2.05043462023472E-7 1410
2.12023477593225E-7 1411
2.19539436345483E-7 1412
2.33607498180133E-7 1413
2.50308651508861E-7 1414
2.55148641057896E-7 1415
2.83051809231294E-7 1416
2.93048596037415E-7 1417
3.11388289952657E-7 1418
3.30884219318038E-7 1419
3.64184168477802E-7 1420
4.01101251578633E-7 1421
4.4378876733008E-7 1422
4.73720973570296E-7 1423
5.20693755364663E-7 1424
5.4349773595179E-7 1425
5.93363345208417E-7 1426
6.13539183337867E-7 1427
6.45147975992004E-7 1428
6.4760209169363E-7 1429
6.70062184731831E-7 1430
6.7066451485178E-7 1431
6.80159309903007E-7 1432
6.87942187279496E-7 1433
7.14952008142684E-7 1434
7.96170354599532E-7 1435
7.98022184754306E-7 1436
7.98027647163733E-7 1437
8.21672957967485E-7 1438
8.66693039362505E-7 1439
8.91003123167822E-7 1440
9.43369234443272E-7 1441
9.54172501697343E-7 1442
9.90615391624666E-7 1443
9.94958043130444E-7 1444
1.05998766265235E-6 1445
1.06195749420491E-6 1446
1.06709193860539E-6 1447
1.16303063429256E-6 1448
1.16328906564673E-6 1449
1.16516098999267E-6 1450
1.21457252558242E-6 1451
1.30955475205959E-6 1452
1.34732007548689E-6 1453
1.43695880508693E-6 1454
1.4835182112605E-6 1455
1.51982113519678E-6 1456
1.62478906495954E-6 1457
1.7682637580307E-6 1458
1.93215188380574E-6 1459
2.25539514096729E-6 1460
2.31584643827348E-6 1461
2.31749482077259E-6 1462
2.35282105511608E-6 1463
2.53397477917591E-6 1464
2.53635873411243E-6 1465
2.55966686168162E-6 1466
2.59070036163312E-6 1467
2.69207912983224E-6 1468
2.89444512047142E-6 1469
2.92639487846066E-6 1470
2.94018621019449E-6 1471
3.31427902398203E-6 1472
3.40728570273897E-6 1473
3.47478321144158E-6 1474
3.50188648525342E-6 1475
3.59785231581016E-6 1476
3.74400109028299E-6 1477
3.75317470880278E-6 1478
3.9513515171684E-6 1479
4.23423550514332E-6 1480
4.42200252622801E-6 1481
4.65567288460933E-6 1482
5.17871322800328E-6 1483
5.21648329751258E-6 1484
5.23604160219642E-6 1485
5.33257433925747E-6 1486
5.33272357368026E-6 1487
5.63257570347868E-6 1488
5.74571767105112E-6 1489
5.74670294290722E-6 1490
6.10742745719521E-6 1491
7.41359464828395E-6 1492
7.42600421695426E-6 1494
7.60332615267463E-6 1495
7.98623103655743E-6 1496
8.0205027431896E-6 1497
8.10683844858289E-6 1498
8.61907962840335E-6 1499
8.67904389422156E-6 1500
8.8056001530817E-6 1501
9.10241188906163E-6 1502
9.19374141905615E-6 1503
9.7430106161862E-6 1504
1.01292590150293E-5 1505
1.16537561047719E-5 1506
1.2170414041191E-5 1507
1.22136413533087E-5 1508
1.2482109301162E-5 1509
1.34813978487737E-5 1510
1.4343057838294E-5 1511
1.63265435969535E-5 1512
1.6717479095388E-5 1513
1.68248888001499E-5 1514
1.80108860279387E-5 1515
1.90445774646817E-5 1516
2.00890703006237E-5 1517
2.16023514406861E-5 1518
2.24830346437369E-5 1519
2.2613837527419E-5 1520
2.46784579306263E-5 1521
2.55730643969293E-5 1522
2.62974054381804E-5 1523
2.78394321720546E-5 1524
2.80479730250997E-5 1525
2.84081138685935E-5 1526
2.84435677282177E-5 1527
3.18536008847182E-5 1528
3.19274258632259E-5 1529
3.2735715125586E-5 1530
3.45090211666071E-5 1531
3.71259063436539E-5 1532
3.7584136045938E-5 1533
4.10881100199358E-5 1534
4.12723701224931E-5 1535
4.17362989762441E-5 1536
4.20062873211388E-5 1537
4.23485247782608E-5 1538
4.32273997012929E-5 1539
4.75029694997313E-5 1540
4.85173780761305E-5 1541
4.87434958956608E-5 1542
4.88140003377366E-5 1543
5.07664260718022E-5 1544
5.35342881619422E-5 1545
5.81286990169862E-5 1546
5.82152545199289E-5 1547
5.9530311664031E-5 1548
5.96431084255669E-5 1549
6.21166731143489E-5 1550
6.36943507709625E-5 1551
6.56899882535285E-5 1552
6.82492107531648E-5 1553
7.24732133927608E-5 1554
7.25003294617643E-5 1555
7.26097516659457E-5 1556
7.35688965857788E-5 1557
8.23846106660088E-5 1558
8.28068997632218E-5 1559
8.33953584485131E-5 1560
8.71857715346654E-5 1561
9.14569434608163E-5 1562
9.6586402245881E-5 1563
9.66313617314388E-5 1564
9.95039445906811E-5 1565
1.04621409072486E-4 1566
1.06020698880521E-4 1567
1.07669307518393E-4 1568
1.07924162135059E-4 1569
1.09038105177848E-4 1570
1.20928442189409E-4 1571
1.29725616266489E-4 1572
1.39211033206318E-4 1573
1.66593483418012E-4 1574
1.71639783714763E-4 1575
1.79281725351938E-4 1576
1.8634586535773E-4 1577
2.08512084629079E-4 1578
2.28580452568939E-4 1579
2.35639442368334E-4 1580
2.41254341975197E-4 1581
2.44130464204078E-4 1582
2.7200748516782E-4 1583
2.77547305984156E-4 1584
2.88262252528127E-4 1585
3.08698921423825E-4 1586
3.09158516139944E-4 1587
3.09296556043053E-4 1588
3.1122858468806E-4 1589
3.13304742357114E-4 1590
3.21609634725981E-4 1591
3.30400356246076E-4 1592
3.36502748581216E-4 1593
3.40118333126626E-4 1594
3.67535080280171E-4 1595
3.85564494076404E-4 1596
4.10724241728864E-4 1597
4.14159247742942E-4 1598
4.15145355041051E-4 1599
4.18159087130823E-4 1600
4.56336048365637E-4 1601
4.89676046022637E-4 1602
5.07960037910581E-4 1603
5.24053816097829E-4 1604
5.45754470982105E-4 1605
5.48162208294623E-4 1606
5.71916252455538E-4 1607
5.90911023197403E-4 1608
5.95257181163023E-4 1609
6.13709502206422E-4 1610
6.61256618931104E-4 1611
6.67201528799442E-4 1612
6.84666251892387E-4 1613
6.92850316863966E-4 1614
7.0574317347978E-4 1615
7.08530872523867E-4 1616
7.08698710392915E-4 1617
7.82438133084541E-4 1618
7.88222220328734E-4 1619
8.06308712815998E-4 1620
8.93900419623994E-4 1621
9.06387377663084E-4 1622
9.26756299450279E-4 1623
9.46083955650574E-4 1624
9.76233410360028E-4 1625
9.97067649242769E-4 1626
0.00103266341258964 1627
0.00104439519081035 1628
0.00109770378549879 1629
0.00119060533370609 1630
0.00119572908153244 1631
0.00119585046327115 1632
0.00122319334141059 1633
0.00127446216107183 1634
0.00131241089140069 1635
0.00140917618883359 1636
0.00141337563650713 1637
0.00155560253271253 1638
0.00156497681648727 1639
0.00156527143948445 1640
0.00157604865485275 1641
0.00157879083007976 1642
0.00158072376727442 1643
0.00159078634544251 1644
0.00161970786821307 1645
0.00170655200131921 1646
0.0017264068563074 1647
0.00173498166730278 1648
0.00176609062642735 1649
0.00179782789627362 1650
0.00180951972124664 1651
0.0018451757672533 1652
0.00196890850064537 1653
0.00199578398061627 1654
0.00200512144171708 1655
0.00223583093839444 1656
0.00229228333830392 1657
0.00235468035546421 1658
0.00235479731715625 1659
0.00248008193260159 1660
0.00258211214968147 1661
0.0026081384177984 1662
0.00261248114874759 1663
0.00264070755043395 1664
0.00265198729955625 1665
0.00265826458713437 1666
0.00268095472048616 1667
0.00274270165161853 1668
0.00284916868582383 1669
0.00303720035869358 1670
0.00327291658162192 1671
0.00331432318629952 1672
0.00345489184842079 1673
0.00346360267637568 1674
0.00351550093489817 1675
0.00398529876863135 1676
0.00415123892437452 1677
0.00420665083986667 1678
0.00447938084218662 1679
0.00454150699766629 1680
0.004673308519266 1681
0.00469528317204051 1682
0.00492484700279494 1683
0.0050800683060599 1684
0.00514713570135196 1685
0.00516020214268798 1686
0.00580487545510457 1687
0.00586037626921098 1688
0.00586911711174572 1689
0.00591117676581617 1690
0.00621595847093375 1691
0.00664617242718292 1692
0.00723156217073414 1693
0.00747109276735856 1694
0.00762663513579324 1695
0.00771362853754275 1696
0.0077459239698106 1697
0.00796476058531436 1698
0.00817888243060861 1699
0.00820617484654323 1700
0.00825443281897715 1701
0.00829848741607837 1702
0.00843579192572047 1703
0.00867567276686844 1704
0.00904406872926034 1705
0.00905592575966988 1706
0.00959514899186578 1707
0.0100047372307394 1708
0.0100176211189562 1709
0.010049938078207 1710
0.010905105709206 1711
0.0111304314796594 1712
0.012005544852727 1713
0.0120757168998481 1714
0.0121582648404871 1715
0.0124453239321164 1716
0.012766348568638 1717
0.0129315891920461 1718
0.0131574574494576 1719
0.0132040261471648 1720
0.0134183021001706 1721
0.0143188023579638 1722
0.014566695355391 1723
0.0151934703318591 1724
0.0159175237034243 1725
0.0159926655852826 1726
0.0160616815515602 1727
0.0162423711259431 1728
0.0169159871855314 1729
0.0169264767660379 1730
0.0170327551571099 1731
0.0170510845434073 1732
0.0170945290908515 1733
0.0171369137284096 1734
0.0172998796615585 1735
0.0185961972810084 1736
0.0194561094754278 1737
0.020788929762099 1738
0.0210697628588116 1739
0.0218153001616148 1740
0.0220579502526077 1741
0.0224797559898623 1742
0.0225569783719756 1743
0.0229397824906353 1744
0.0233829332510028 1745
0.0257666186119691 1746
0.0260976908322598 1747
0.0265220988615263 1748
0.0276085332288762 1749
0.0276197188745657 1750
0.0287557889725826 1751
0.0288543038501182 1752
0.0291751165917764 1753
0.0291964431749417 1754
0.0292221077931559 1755
0.0309742657600853 1756
0.0310738763754415 1757
0.0321415501758847 1758
0.0329163048914359 1759
0.0338482641711101 1760
0.0340312785645582 1761
0.0348380377762464 1762
0.0355782915882397 1763
0.0359993829002482 1764
0.0364331404994742 1765
0.0368255143822755 1766
0.0372287439322775 1767
0.0375772242937793 1768
0.0378389778570129 1769
0.0382686105202744 1770
0.038551722132941 1771
0.0387009966085516 1772
0.0387121213404883 1773
0.0387544494826636 1774
0.0426235272264235 1775
0.0427552429519525 1776
0.0437258015897488 1777
0.0470296169219812 1778
0.0475369544878011 1779
0.0480436339365283 1780
0.0491399865105345 1781
0.0493774565581636 1782
0.0495383056378753 1783
0.0496233963826846 1784
0.0497374652015458 1785
0.0497652114398484 1786
0.0509154920813779 1787
0.0529590934106736 1788
0.0530706364726899 1789
0.0533318904890872 1790
0.053443397331644 1791
0.0539247806097936 1792
0.0541094870492054 1793
0.0553536554843525 1794
0.0556438233524841 1795
0.0588219563274955 1796
0.058959479297038 1797
0.0603754275131363 1798
0.0619977963324331 1799
0.0645633391024586 1800
0.0654242011051506 1801
0.0660382395683068 1802
0.0674332320802195 1803
0.0674887785525631 1804
0.0700279915093971 1805
0.070615347335103 1806
0.0710017240408666 1807
0.0741861611976817 1808
0.0746371517714535 1809
0.0751012741145938 1810
0.07593265557136 1811
0.0798964604428228 1812
0.0810863014210406 1813
0.0825226842090475 1815
0.0827912276806938 1816
0.0840746431451591 1817
0.0843783310923207 1818
0.084456425543557 1819
0.0846520553695592 1820
0.0848966289161122 1821
0.0849312915223777 1822
0.0851792190269736 1823
0.0888548354249215 1824
0.0974597069833684 1825
0.100500993324401 1826
0.101068786031368 1827
0.101630269179608 1828
0.102138028620098 1829
0.10283586558631 1830
0.103424560092275 1831
0.106517128215972 1832
0.109804884458394 1833
0.110186126359357 1834
0.110330988256103 1835
0.110549393797991 1836
0.111420271721794 1837
0.111802140771268 1838
0.112063506500797 1839
0.112434002745405 1840
0.113054887744545 1841
0.114220759065133 1842
0.114471591145541 1843
0.116724564278921 1844
0.117354053506631 1845
0.120783005684892 1846
0.123658956165606 1847
0.123721105606396 1848
0.134192145069059 1849
0.137263710004076 1850
0.137499919185944 1851
0.139936805377451 1852
0.143377850937232 1853
0.144631748898785 1854
0.145583969742155 1855
0.146477379462548 1856
0.147629142512303 1857
0.15063975773714 1858
0.150905908593694 1859
0.153193621704171 1860
0.154253095345672 1861
0.159738679198232 1862
0.165682717642176 1863
0.167409625480152 1864
0.1696005463165 1865
0.170175403673794 1866
0.171873027388742 1867
0.175988846707558 1868
0.177447987169087 1869
0.184691411172068 1870
0.185225165214074 1871
0.186731749547129 1872
0.186770408181268 1873
0.190705567787796 1874
0.19080632241002 1875
0.192106705557876 1876
0.200175696563521 1877
0.201707384547472 1878
0.207069232384897 1879
0.20938629165375 1880
0.210899394593709 1881
0.224321557853753 1882
0.230684221945625 1883
0.237539364441472 1884
0.239306347299352 1885
0.241874907420573 1886
0.242802053384909 1887
0.242940795920853 1888
0.243389410206381 1889
0.244229617346047 1890
0.244619762003425 1892
0.246844473437369 1893
0.247594209446999 1894
0.249324711561821 1896
0.250265676005966 1897
0.251558237345304 1898
0.25269696338642 1899
0.253593255757572 1900
0.256761039033536 1901
0.269253116703644 1902
0.277463173173805 1903
0.28529423711728 1904
0.289564408100225 1905
0.292002974864205 1906
0.293111986659961 1907
0.294065148064705 1908
0.298902784942145 1909
0.306538992100399 1910
0.312285347349497 1911
0.317035853043467 1912
0.319453319595203 1914
0.320434402888179 1915
0.320934074714578 1916
0.321239829345196 1917
0.321333744549782 1918
0.321361718112084 1919
0.322414829833952 1920
0.323892733086297 1921
0.325436307178796 1922
0.331593567901492 1923
0.332747665477018 1924
0.33555975046991 1925
0.336017533892274 1926
0.339430499501079 1927
0.355753240506766 1928
0.360265163205059 1929
0.360714407730535 1930
0.364713364215192 1931
0.366621046234722 1932
0.369920785167611 1933
0.371276337611341 1934
0.371539212109733 1935
0.371934453010673 1936
0.375022019640878 1937
0.37627801851829 1938
0.381945318747426 1939
0.386547069575708 1940
0.400264263574699 1941
0.402410216503963 1942
0.402645079847897 1943
0.408064788305512 1944
0.41109525122467 1945
0.413364316584019 1946
0.414132279466917 1947
0.415418757687608 1948
0.417720084845638 1949
0.417816635412683 1950
0.419366911949003 1951
0.419552210097183 1952
0.42221140783478 1953
0.424398765969447 1954
0.424954660413984 1955
0.425364416443348 1956
0.426183928502075 1957
0.426494508835181 1958
0.426721591845577 1959
0.427013868675925 1960
0.427319565474929 1961
0.431792674546096 1962
0.440611287939946 1963
0.441894278959806 1964
0.44772110801103 1965
0.451481534033552 1966
0.45334428878725 1967
0.453369692354965 1968
0.453908229900016 1969
0.461297991522333 1970
0.461981104592472 1971
0.466159986594456 1972
0.468761495159991 1973
0.470443128550306 1974
0.475620384923752 1975
0.47612950603106 1976
0.484318179822495 1977
0.496738381266554 1978
0.498389001749151 1979
0.502817690800062 1980
0.505931996491143 1981
0.515094796102557 1982
0.51836526657191 1983
0.519077108547193 1984
0.522343308660838 1985
0.522588225112117 1986
0.533526831352002 1987
0.533900402807041 1988
0.5395321112901 1989
0.540000541379179 1990
0.540906543510497 1992
0.541084609255417 1993
0.543306214857621 1994
0.543418694263168 1995
0.543657472191525 1996
0.544955975845369 1997
0.54743061732699 1998
0.550218886469921 1999
0.55072337681221 2000
0.551950459258028 2001
0.552114082858748 2002
0.552482188680577 2003
0.552840391349062 2004
0.555110262747716 2005
0.557687649467743 2006
0.557697383634884 2007
0.559047231061032 2008
0.559497359245296 2009
0.566871733667946 2010
0.57367135570655 2011
0.574176150648311 2012
0.582422112309111 2014
0.583054788981516 2015
0.587864274268468 2016
0.59285522448748 2017
0.595722687380244 2018
0.598482470687657 2019
0.60461880558372 2020
0.605119681525348 2021
0.605230520253033 2022
0.612510989046079 2023
0.613335706098813 2024
0.615151752636872 2025
0.623870886100982 2026
0.631399227886582 2027
0.637821805699569 2028
0.641750034901117 2029
0.645614168513095 2030
0.647761509834345 2031
0.649373986317288 2032
0.658121290211531 2033
0.665656118075775 2034
0.667146480732752 2035
0.670968396989658 2036
0.691017191206368 2037
0.69977646711733 2038
0.70970120435497 2039
0.709838121312373 2040
0.715612102702576 2041
0.716987713089239 2042
0.717766757279353 2043
0.718065040377628 2045
0.71860812006473 2046
0.719119330677096 2047
0.719916826467693 2048
0.721083323202278 2049
0.721973694704876 2051
0.72220518141566 2052
0.727489446129571 2053
0.730004702399886 2054
0.733370277040032 2055
0.746611585623338 2056
0.747911196342421 2057
0.757024681516731 2058
0.757746891064186 2059
0.762479962041412 2060
0.776976803691231 2061
0.786342110519188 2062
0.806422831957001 2063
0.819205836018352 2064
0.819645506686206 2065
0.820055038863502 2066
0.823317276056888 2067
0.823839520004473 2068
0.825713780614699 2069
0.829139254037651 2070
0.833372182258631 2071
0.843993505338218 2072
0.849029398401903 2073
0.849160470679967 2074
0.854599283199473 2075
0.856182764163631 2076
0.858462452876603 2077
0.862642784109284 2078
0.86507829328704 2079
0.867116532186826 2080
0.874862681092162 2081
0.877798753767968 2082
0.89591347725202 2083
0.900559209626161 2084
0.912050878916416 2085
0.91313003162592 2086
0.918386418981681 2087
0.920626551863654 2088
0.926898477697168 2089
0.933775203064775 2090
0.934166202110231 2091
0.935154006224334 2092
0.935938144242134 2093
0.938531269866176 2094
0.939583660860278 2095
0.943415190107188 2096
0.944461732923532 2098
0.946168609947281 2099
0.946700216529106 2100
0.946874694096568 2101
0.94770614468957 2102
0.949438740126033 2103
0.951008554350549 2104
0.953415667345827 2105
0.953997097943153 2106
0.954165727332857 2109
0.954613532828116 2110
0.955375051361147 2111
0.957979873340705 2112
0.960218356946279 2113
0.960575050745893 2114
0.968165951708641 2115
0.985982577641498 2116
0.986064323860541 2117
0.986422151063821 2118
1.00300755928869 2119
1.00754376763677 2120
1.01639369008295 2121
1.01682601759976 2122
1.02038288857682 2123
1.0226757586337 2124
1.05481844315248 2125
1.07353424181228 2126
1.09720494656194 2127
1.09906034771672 2128
1.10169240702372 2129
1.12467979197335 2130
1.14762716961261 2132
1.15497775608883 2133
1.17065551624833 2134
1.17067998020714 2135
1.18133443440396 2136
1.18380785015749 2137
1.18768304995539 2138
1.1901812834662 2139
1.19988420747756 2140
1.20485865464185 2141
1.21090674589465 2142
1.215156098417 2143
1.21526544356561 2144
1.21816390474124 2145
1.21825038005031 2146
1.22117322616025 2147
1.22226677222053 2148
1.22432465104766 2149
1.22442331251432 2150
1.22688368582156 2151
1.2315005994226 2152
1.23174353943929 2153
1.23326992114967 2154
1.23441769573558 2155
1.23488732637001 2156
1.23927636521097 2157
1.23979279707111 2158
1.24073442662467 2159
1.24141784024815 2161
1.24156975675487 2162
1.24205563678826 2163
1.2451811982562 2164
1.24595879559582 2166
1.24960373847331 2168
1.25248245228032 2169
1.2604544930016 2170
1.26526984407566 2171
1.26700287741852 2172
1.27299986103774 2173
1.27681362367172 2174
1.28306108616744 2175
1.28627595332085 2176
1.29124873767311 2177
1.29316707505809 2178
1.30222408433387 2179
1.31006881234436 2180
1.31547624027613 2181
1.3191038593165 2182
1.32000836252598 2183
1.32067076369067 2184
1.33273302599145 2185
1.36408104029717 2186
1.36552917520374 2187
1.36618849967725 2188
1.36906492943415 2189
1.37085823810727 2190
1.37280460883746 2191
1.38572526635269 2192
1.3879128209496 2193
1.394195752797 2194
1.39862056678666 2195
1.4052423126524 2196
1.41287251955405 2197
1.41555357825847 2198
1.41918584537486 2199
1.41920430604847 2200
1.42326870268481 2201
1.43221375844272 2202
1.43458193419739 2203
1.44823355864515 2204
1.45033756575586 2205
1.45139066299403 2206
1.45854694391285 2207
1.45936088404289 2208
1.46437323857795 2209
1.46653208712268 2210
1.47359520100364 2211
1.47585779756498 2212
1.48636393198184 2214
1.49755355311546 2215
1.49777793118642 2216
1.50385056647574 2217
1.5046238460702 2218
1.5191768662753 2219
1.52133720096965 2220
1.52555520283953 2221
1.53195310721687 2222
1.53742338322189 2223
1.5529721730549 2224
1.55359144578565 2225
1.55631046995745 2226
1.55660129700724 2227
1.55974289972982 2228
1.55988555285165 2229
1.56679846625551 2230
1.58056476681266 2231
1.58058067007849 2232
1.58077907918073 2233
1.58110634414893 2234
1.58145356007785 2235
1.58875286905562 2236
1.59236275918618 2237
1.59429669768054 2238
1.59476279399506 2239
1.59632984072603 2240
1.60077930290467 2241
1.60440163830414 2242
1.60890529111644 2243
1.60922258060427 2244
1.61070039826448 2247
1.61100771227195 2248
1.61271359034924 2249
1.61482598698512 2250
1.61592099450079 2251
1.62067740474377 2252
1.62134191016053 2253
1.62628081112461 2254
1.62647922022686 2255
1.62822472509934 2256
1.63583134808458 2257
1.64111455858627 2258
1.64162241115558 2259
1.64393474872258 2260
1.64918869920052 2261
1.65815438488568 2262
1.66017212097296 2263
1.66477477265978 2264
1.67092609288254 2265
1.67112863429963 2266
1.67281152014979 2267
1.67314122027049 2268
1.67997536351191 2269
1.69633372730714 2270
1.70589987814742 2271
1.71042783626202 2272
1.715799008538 2273
1.71724744852818 2274
1.71789456007569 2275
1.72280299317822 2276
1.76757348204061 2277
1.77101291581863 2278
1.78068285100958 2279
1.78537046642663 2280
1.79542465033673 2281
1.79735718722863 2282
1.83709050763488 2283
1.85436374376989 2284
1.86267320825228 2285
1.87501516801096 2286
1.87734874132855 2287
1.88523678968834 2288
1.9007014947505 2289
1.90637618026391 2290
1.91471573565411 2291
1.91697856939421 2292
1.92784539348573 2293
1.94035157161461 2294
1.95755545895521 2295
1.9581467903277 2296
1.96408966505459 2297
1.98692791697383 2298
1.98843794971562 2299
2.00178089206089 2300
2.00457137228685 2301
2.02550072758387 2302
2.0356863135744 2303
2.04595310539017 2304
2.04768800339685 2305
2.04790417244545 2306
2.0528340981681 2307
2.06165530856659 2308
2.06430228381091 2310
2.06491438094023 2311
2.06549406765257 2313
2.06587782769084 2314
2.06880992953908 2315
2.06967938675155 2316
2.07063615145502 2318
2.07269580624778 2319
2.07292887979858 2320
2.07343037823487 2321
2.07360240301534 2324
2.07693129328268 2325
2.07699607586079 2328
2.0812963454738 2329
2.08505265702627 2330
2.08838154729361 2331
2.08966381114902 2332
2.09082814659669 2333
2.09601070717396 2334
2.09803714960334 2335
2.10404123157779 2336
2.10626917734323 2339
2.10639874249946 2340
2.10805667344271 2342
2.10849712310867 2344
2.11083736597936 2345
2.11106165081949 2347
2.11667024104956 2349
2.11862602812172 2350
2.1252838086564 2351
2.12565947574425 2352
2.12652734669535 2353
2.13378083948784 2354
2.15798106816344 2355
2.16368602226637 2356
2.16401113499118 2357
2.18795302744348 2358
2.1885760547191 2359
2.20898657626173 2360
2.21948731584427 2361
2.22757972868516 2362
2.22968629783485 2363
2.24135772626351 2364
2.24293998162928 2365
2.26311538064558 2366
2.28709824192344 2367
2.29054478475831 2368
2.29568882982329 2369
2.31145797829625 2370
2.34489721167884 2371
2.34506679516062 2372
2.35395514360793 2373
2.36155143860052 2374
2.39288102923215 2375
2.39700603860504 2376
2.40581401013602 2377
2.42399705420219 2378
2.42498235808229 2379
2.43131414782857 2380
2.4375480747449 2382
2.45575853907612 2383
2.45803518368273 2384
2.45908004351794 2385
2.48519530637236 2386
2.48913550925448 2387
2.49021103810718 2388
2.50198135860397 2389
2.51136861624676 2390
2.52079984464078 2391
2.53335104580957 2392
2.53679539565281 2393
2.54585718518963 2394
2.56060881033037 2395
2.57837351306793 2396
2.59313624972862 2397
2.59680329197892 2398
2.60469786069806 2399
2.60638033244043 2400
2.60915315030058 2401
2.61763186440427 2402
2.62360813610421 2403
2.65437028735755 2404
2.6746441262708 2405
2.67627201236193 2406
2.68202869770416 2407
2.68647193184098 2408
2.68898988164822 2409
2.69695894026473 2411
2.69755120093535 2412
2.69761879401028 2414
2.70068078303433 2415
2.7045883894364 2416
2.70820860794647 2417
2.70836080968862 2418
2.71264088194424 2420
2.71666712819816 2421
2.71686990742293 2422
2.71932308947836 2423
2.71945827562821 2424
2.720490125933 2425
2.72240433764818 2426
2.7263097004968 2427
2.72751457129748 2428
2.72918545659408 2429
2.73070794330995 2430
2.73214582135859 2431
2.733211702848 2433
2.73376993233401 2434
2.7401137051992 2435
2.74194059539938 2436
2.7443767618625 2437
2.75087273646985 2438
2.75320727867343 2439
2.75355198760927 2440
2.754983591391 2441
2.75593083302856 2442
2.75713190066781 2445
2.75931200521305 2446
2.76406793420363 2447
2.7655904209195 2448
2.76782333886354 2449
2.77397430789143 2450
2.77570661403691 2452
2.77733072501233 2453
2.77926596636176 2454
2.77971584469852 2456
2.78016706191872 2457
2.78382669961968 2458
2.78457116203246 2459
2.7868040799765 2460
2.78729764539921 2461
2.79030565863471 2462
2.79380770658724 2463
2.80210256118541 2464
2.80595033908845 2465
2.81664160997248 2466
2.81705008891592 2467
2.83230820108202 2468
2.84263339216257 2469
2.84960660927837 2470
2.85471471886595 2471
2.86317370636933 2472
2.87268500564355 2473
2.88376770066224 2474
2.90377967895154 2475
2.90897341363834 2476
2.92544976671513 2477
2.96529001756606 2478
2.97283771450137 2479
2.97478696535188 2480
2.99340989523946 2481
2.99447436536408 2482
3.02309792516757 2483
3.03347679677844 2484
3.04424678936239 2485
3.06230412198831 2486
3.06334550324038 2487
3.11268479481755 2488
3.11768341624656 2489
3.13691904611187 2490
3.14600948438582 2491
3.15004846941807 2492
3.17093233304986 2493
3.17146891099984 2494
3.17465194277973 2495
3.19837523596953 2496
3.21625634199192 2497
3.23484146749377 2498
3.24930359929458 2499
3.27195243208082 2500
3.28546913689676 2501
3.29031990353324 2502
3.3004901693362 2503
3.32181480108535 2504
3.32668221777227 2505
3.33705929643897 2506
3.33982444294779 2507
3.35897311969845 2508
3.38674082499176 2509
3.39618520313213 2510
3.41778416642876 2511
3.45267297112057 2512
3.45924142640518 2513
3.46895317625181 2514
3.47167853578889 2515
3.47584534124285 2516
3.50043720462682 2517
3.51557149225667 2518
3.52116637842566 2519
3.52288996978637 2520
3.5231109744694 2521
3.52319925375914 2522
3.52470414962005 2523
3.53197032025567 2524
3.53321421755731 2525
3.53588112247757 2526
3.53711825836866 2527
3.54741413459464 2528
3.55154594149957 2530
3.55237813179329 2531
3.55276085433889 2532
3.55536785151437 2534
3.55656115421927 2535
3.55728672329286 2536
3.55955785086642 2537
3.56442659184926 2538
3.56641502107919 2539
3.56902201825467 2542
3.57041410259083 2543
3.57215930408595 2544
3.57326432750111 2545
3.57525275673104 2546
3.5786993265351 2548
3.58382504159632 2549
3.58826613247402 2550
3.59023093174611 2551
3.59297206122094 2553
3.59580006307945 2554
3.59655135641829 2555
3.60127950821699 2557
3.60392115329384 2558
3.61241495707155 2559
3.62151753059263 2560
3.62253366180069 2561
3.62297567116675 2562
3.62518510507972 2563
3.62730625970294 2564
3.6304286145018 2565
3.63331220648393 2567
3.64416604018519 2568
3.64425204780223 2569
3.66194349288967 2570
3.6829143446493 2571
3.70375048006971 2572
3.71779760542865 2573
3.72370410451441 2574
3.73313624409009 2575
3.73933796040524 2576
3.80971329926958 2577
3.81691754831312 2578
3.88970559931497 2579
3.90588231506955 2580
3.92129065550059 2581
3.92280160856094 2582
3.93374112656785 2583
3.93886994552924 2584
3.95710700116882 2585
3.95879939036233 2586
3.96466232339811 2587
3.96691709280413 2588
3.98152978825824 2589
3.99810099258327 2590
4.02709377594881 2591
4.03374806588474 2592
4.03689351330677 2593
4.04100835961712 2594
4.068384998127 2595
4.08699784779424 2596
4.08867302924153 2597
4.09123743924145 2598
4.13691051322948 2599
4.14814644999804 2600
4.16418217626298 2601
4.19381973979412 2602
4.19438156010939 2603
4.21829930623661 2604
4.22679463583535 2605
4.2274995422041 2606
4.23497526951108 2607
4.2712925141133 2608
4.27889297596613 2609
4.29280066954885 2610
4.30757114491996 2611
4.32211453509348 2612
4.36412631277687 2613
4.37717317477104 2614
4.38623250716019 2615
4.398039083926 2616
4.40778993459359 2617
4.42322049867849 2618
4.42561535195094 2619
4.42641360232261 2620
4.42807057087513 2622
4.43227055373052 2623
4.46724508912339 2624
4.51447993072516 2625
4.57002701289255 2626
4.5993629905933 2627
4.60014931862563 2629
4.60132542956846 2631
4.60882769551046 2633
4.60952027394317 2635
4.61289609349336 2636
4.61332905507566 2638
4.61800375937275 2639
4.61950421256116 2640
4.61976382941157 2642
4.62256316734687 2643
4.62692020638464 2644
4.62934650591491 2645
4.62951482518526 2646
4.63869323924589 2647
4.6404533092847 2648
4.64458390795368 2649
4.65037999998863 2650
4.65280362425569 2652
4.65356171952609 2653
4.65436212585301 2654
4.65566021010506 2657
4.66033491440215 2658
4.66636505394185 2659
4.66682773714697 2661
4.6725409088457 2662
4.67704226841091 2663
4.68119773900718 2664
4.68642070120955 2665
4.69227819343572 2666
4.71201547802573 2667
4.716170948622 2668
4.71738276075554 2670
4.72119154188803 2671
4.7298483720495 2674
4.73160594429259 2675
4.73168350593107 2676
4.73261868578035 2677
4.73547527162972 2678
4.74147708438332 2679
4.7490664229387 2680
4.74978961943179 2681
4.75440468146404 2682
4.75954057105304 2683
4.76551416009704 2684
4.76556898538125 2685
4.76565848062447 2686
4.77786002892828 2687
4.86069267229938 2688
4.88417930316957 2689
4.92315980981192 2690
5.00183778146221 2691
5.0097840802484 2692
5.02351445536254 2693
5.07494091853983 2694
5.10368735219698 2695
5.10463201582771 2696
5.10545169209346 2697
5.1059839262036 2698
5.10658817223826 2699
5.11658387300892 2700
5.12051385115664 2701
5.12270668445424 2702
5.1286261262682 2703
5.17509658690274 2704
5.21560054349212 2705
5.28253141350034 2706
5.28267741955682 2707
5.29304908638132 2708
5.33502853416262 2709
5.33997234801073 2710
5.37053240743543 2711
5.3707220432161 2713
5.38393652931705 2714
5.38961072304789 2715
5.40892400926323 2716
5.49680498413725 2717
5.52036475273442 2718
5.57135009334255 2719
5.60798959007941 2720
5.69908217689573 2721
5.75073778382308 2722
5.7635527077598 2723
5.77636867303352 2724
5.77767261137868 2725
5.78323926476939 2726
5.79673341070221 2727
5.79674846122227 2728
5.80676829084975 2729
5.87518107721202 2730
5.88856299145767 2731
5.89244297179923 2733
5.91235480110524 2734
6.00695409307116 2735
6.00710467473228 2737
6.00819769862372 2740
6.00914014085405 2741
6.01648909929325 2742
6.01931538050556 2743
6.024628872823 2745
6.03129969104783 2746
6.03325934359971 2747
6.04294493148292 2749
6.04313341992898 2750
6.0468717575949 2751
6.04697496496694 2752
6.05255470579623 2754
6.05406261336475 2756
6.05801982525345 2758
6.05878843013521 2759
6.0645390163385 2760
6.07553412066162 2761
6.07626007034348 2762
6.07674972211178 2763
6.07878518823355 2764
6.07999088700117 2765
6.08338263355167 2766
6.08658589165611 2768
6.09318089631106 2770
6.10178641150452 2771
6.10823497992325 2772
6.10844427852766 2773
6.10952403490366 2774
6.11187393186311 2776
6.11307963063072 2777
6.11383358441498 2779
6.11806276277732 2780
6.12031591419375 2781
6.12351916677175 2782
6.131940494127 2783
6.13373861414935 2784
6.13478743584115 2785
6.14722470079906 2786
6.15302768093118 2787
6.1797700379816 2788
6.18099142068936 2789
6.18724735523712 2790
6.19071546957329 2791
6.20352794777527 2792
6.2083517883244 2794
6.21526701453334 2795
6.21615249174697 2796
6.22414272909425 2797
6.2331334803477 2798
6.2379787735029 2799
6.24138333196957 2800
6.26552014264379 2801
6.27876367421049 2802
6.28213350608929 2803
6.31764144562366 2805
6.33625285381463 2806
6.36275878809271 2807
6.37683702543488 2808
6.41185066291874 2809
6.42956609342033 2810
6.46237818852022 2811
6.54664439055621 2812
6.56834150298968 2813
6.69199647773137 2814
6.7434157766055 2815
6.7981246850208 2816
6.80034625904306 2817
6.80229138317569 2818
6.80441171851306 2819
6.82260639338082 2820
6.8243875465485 2821
6.85983836879528 2822
6.86292368368059 2823
6.86425499476936 2824
6.8691815718289 2825
6.8891990314254 2826
6.89939037485887 2827
6.91932158330211 2828
6.92287919856015 2829
6.93977361890417 2830
6.94341071725658 2831
6.97968178461496 2832
7.05082024321976 2833
7.07566615949004 2834
7.07879834712194 2835
7.09217913522999 2836
7.13046747851441 2837
7.13123653277723 2838
7.14132225353844 2839
7.19445125439031 2840
7.208526637716 2841
7.22592820319833 2842
7.25705884046031 2843
7.30477852887681 2844
7.34245475467612 2845
7.3754206702027 2846
7.376747500895 2848
7.37835338528509 2849
7.38248240218016 2850
7.40960904216641 2851
7.46235380000916 2852
7.48613498033081 2853
7.55031803032782 2854
7.56936699721131 2855
7.68886493168795 2856
7.72388855976064 2857
7.75099226888757 2858
7.76514364073277 2859
7.8455216705423 2862
7.84666627727574 2863
7.84694920395333 2864
7.85777810858447 2865
7.86265070603725 2867
7.86914750264097 2868
7.86980358820724 2869
7.87712134045004 2873
7.87785986105272 2874
7.87987739168345 2875
7.89675624481299 2876
7.90891767609768 2877
7.91201891645396 2878
7.91241224793376 2879
7.9205332436884 2880
7.92319164477057 2882
7.93584141429253 2884
7.94932735456841 2886
7.9524285949247 2887
7.95531930776263 2888
7.95961321472126 2889
7.9614875825137 2890
7.96625972432346 2892
7.97782578411986 2893
7.97787529191419 2895
7.98235455788718 2896
7.98845802301109 2897
8.01228052084966 2898
8.01577509268574 2899
8.03275560479771 2900
8.03610301868822 2901
8.04333833589462 2902
8.0466362419908 2903
8.04762093612771 2904
8.05077031884091 2906
8.05313303859452 2907
8.08079529739204 2909
8.08281334573589 2910
8.09969568998349 2911
8.1018617439972 2912
8.20472044820161 2913
8.27698413565155 2914
8.28730953622754 2915
8.46600820122051 2916
8.50917360735976 2917
8.52520401808876 2918
8.52687300088584 2919
8.54595972991254 2920
8.59681490359066 2921
8.70025479743552 2922
8.7608409283966 2923
8.93692541970893 2924
8.99757257786357 2925
9.15474071062496 2926
9.16106426599993 2927
9.20580846274714 2928
9.26267280323273 2929
9.29319233626196 2930
9.33568186998349 2931
9.40254508237002 2932
9.41631606786283 2933
9.45975094798236 2935
9.48455476932001 2936
9.49390746340439 2937
9.53012336540286 2938
9.53997182174943 2939
9.55982901352096 2940
9.64143046747363 2941
9.656829092732 2942
9.69246552219781 2943
9.72083089082268 2944
9.74767566440262 2945
9.76827742163742 2946
9.82410408428232 2947
9.86102073026777 2948
9.88156550330089 2949
9.90892448225462 2950
9.94997284211206 2951
9.97536739014278 2952
