410
211
411
365
224
627
495
303
405
292
490
472
614
346
463
374
345
504
288
201
212
700
201
250
310
222
232
334
274
269
200
375
204
512
369
435
277
408
339
205
478
267
421
384
606
576
312
227
549
212
594
375
510
305
204
346
406
481
392
436
519
204
441
709
452
269
301
365
483
279
220
487
776
348
382
209
263
421
486
260
467
321
421
420
282
461
277
306
309
349
222
472
378
293
349
216
540
301
440
524
406
491
205
425
234
428
747
314
316
351
654
371
475
424
533
514
215
325
443
280
247
434
444
276
646
236
299
619
276
684
397
390
244
390
363
388
312
223
205
701
257
434
432
395
202
350
424
428
836
467
234
792
618
343
424
391
441
361
846
320
251
336
411
690
227
496
484
575
332
689
317
556
492
413
357
207
495
526
275
289
738
201
209
838
219
749
341
203
267
285
344
718
476
254
577
398
266
374
345
736
307
221
258
209
395
453
428
399
376
469
422
526
386
241
306
420
344
494
441
239
392
216
307
427
682
562
237
406
238
298
337
388
221
418
532
208
570
631
397
518
335
247
503
593
401
224
347
239
203
483
510
354
473
204
1000
527
615
363
271
305
390
372
545
228
506
512
442
662
387
467
378
297
200
428
252
299
332
220
470
338
326
486
347
258
691
447
508
202
595
429
283
402
211
414
418
295
277
420
448
420
450
346
460
581
370
435
650
345
226
443
229
357
401
434
461
298
783
576
269
448
456
802
238
354
297
377
473
349
537
756
442
306
443
559
930
664
200
225
504
498
544
380
430
428
297
689
209
623
505
375
460
494
335
263
387
603
267
272
445
206
506
218
434
533
303
458
592
343
380
227
378
560
438
495
417
260
432
416
335
293
419
363
413
220
279
455
308
207
490
325
282
637
484
521
473
513
269
959
340
472
384
608
401
456
411
566
358
639
862
275
225
407
423
463
452
659
529
328
301
578
304
352
382
320
306
613
448
352
243
213
595
209
413
418
403
636
336
367
499
385
301
300
418
259
511
417
497
656
315
373
785
576
440
309
209
614
320
496
255
540
479
321
207
236
427
256
360
427
416
283
489
617
472
213
325
627
292
637
347
532
394
437
421
460
389
357
463
467
406
398
392
321
698
543
448
346
235
328
406
381
410
213
582
240
333
604
394
350
363
360
350
484
395
248
482
401
504
372
551
380
353
371
730
407
580
331
440
352
437
475
272
255
235
451
388
404
439
393
454
201
214
256
282
497
288
567
204
337
286
635
524
394
247
327
283
355
425
554
352
366
270
434
600
316
336
646
376
516
424
560
431
419
280
341
375
332
391
216
343
364
491
492
255
250
521
380
482
446
642
437
372
382
445
398
303
482
305
357
506
240
371
328
811
530
260
458
602
244
258
460
374
465
237
609
553
436
462
285
364
369
250
411
896
325
352
266
227
602
446
403
421
339
430
415
387
261
230
353
374
461
221
487
344
323
485
488
339
354
694
354
621
217
345
228
379
581
355
557
451
371
407
441
208
322
392
316
445
323
447
472
374
396
401
869
335
566
290
443
613
328
374
599
363
346
462
288
376
508
403
364
243
392
294
325
652
475
288
312
345
445
462
210
322
451
438
311
466
430
417
389
351
485
758
626
409
236
273
360
321
302
720
522
486
288
503
350
577
255
235
402
254
491
527
583
552
493
208
511
397
418
528
384
351
446
569
782
416
448
342
259
472
468
226
315
310
283
370
216
301
209
297
336
371
409
392
245
780
469
393
517
208
232
378
543
322
361
501
239
373
312
325
332
321
476
364
562
406
387
384
259
332
337
316
426
237
474
419
453
304
364
358
591
266
433
503
263
448
461
262
252
485
488
372
253
644
557
346
252
467
370
325
545
580
269
584
283
565
517
480
483
617
694
747
404
440
694
577
432
386
426
568
449
505
350
208
428
310
590
274
452
431
403
513
536
209
339
301
381
240
445
397
464
707
467
259
298
259
424
477
207
533
739
403
306
418
245
474
238
306
368
260
706
330
609
423
355
498
451
401
285
397
323
360
427
445
278
257
410
538
271
503
436
259
318
472
806
209
243
445
656
809
408
503
476
379
698
200
231
711
428
256
750
496
362
312
376
377
286
271
388
397
460
415
238
338
529
326
573
332
392
336
399
317
226
663
414
348
474
368
341
363
494
441
363
534
838
523
497
563
361
413
454
485
261
484
511
527
368
538
397
262
329
345
520
462
339
401
233
372
259
304
360
367
609
526
461
584
527
767
562
394
359
699
586
587
240
619
632
598
425
372
398
334
423
417
547
463
673
574
715
600
320
493
381
370
317
820
398
386
368
498
414
454
530
249
384
406
492
510
330
241
371
241
942
448
551
377
1211
550
1112
1379
1015
1799
1001
968
771
1202
1097
795
1020
1324
730
1120
1025
896
948
1422
1170
620
414
1860
1007
1121
865
556
758
751
700
614
888
599
722
639
1151
969
1163
680
1250
571
515
907
940
1010
798
1185
829
1055
1033
624
819
756
802
996
591
683
567
597
785
604
1122
748
1150
503
932
876
878
866
542
1003
497
1556
263
1333
397
456
557
324
346
1020
1271
498
322
1230
353
817
593
894
425
712
941
1404
523
561
483
824
681
384
825
457
968
571
622
292
364
681
513
845
497
375
588
614
802
935
272
508
660
457
980
353
463
264
458
1784
912
448
412
672
1368
381
238
801
1091
751
1232
991
616
618
481
760
666
509
446
1038
749
756
1526
445
495
978
465
942
502
621
476
835
710
859
713
417
430
975
549
634
742
443
554
372
287
391
421
371
257
831
1302
227
272
969
674
467
854
1072
495
617
479
1344
439
691
410
563
678
447
733
505
262
1486
771
356
865
559
570
274
1438
232
550
424
204
363
662
1122
677
842
395
610
425
894
494
794
343
598
486
1300
232
414
400
609
707
298
494
495
1064
760
555
362
852
439
709
1033
865
397
702
594
506
572
562
325
791
546
736
1105
557
331
819
884
557
413
1096
550
877
1683
658
526
517
595
634
422
537
763
290
696
368
743
776
1485
425
612
1247
793
492
541
626
708
558
1196
656
834
480
588
423
274
457
426
771
635
316
1349
951
227
636
787
625
858
282
698
394
762
801
721
464
347
274
1285
612
627
475
509
368
771
633
720
574
621
1210
664
256
491
734
567
456
325
736
504
709
651
589
896
385
666
552
1265
687
889
964
525
370
264
741
926
416
408
583
735
461
379
703
1241
520
587
607
541
451
532
320
543
404
503
912
777
354
692
808
467
540
602
447
434
494
1157
475
369
922
628
657
448
442
201
593
726
444
755
934
556
675
950
644
754
569
741
709
463
522
391
443
628
659
790
755
614
518
547
461
489
381
348
372
474
446
709
503
458
769
531
973
477
633
835
446
624
536
615
542
343
382
392
459
634
990
774
397
1115
508
754
331
291
621
970
414
575
380
509
510
606
439
518
482
862
511
433
1032
677
636
885
991
524
292
810
1021
412
774
634
515
524
364
850
616
409
564
800
919
698
379
843
372
205
339
415
477
250
561
226
472
287
471
215
371
268
600
707
778
220
392
280
329
703
429
509
200
341
364
494
459
382
212
206
436
582
408
770
568
276
269
635
565
437
530
311
248
209
369
832
468
246
547
400
230
253
604
299
338
549
301
755
594
810
389
772
676
427
390
516
529
654
272
212
564
559
353
368
452
213
361
414
529
555
440
617
502
352
690
626
465
510
321
317
885
692
263
277
305
382
349
364
367
466
328
311
557
377
249
311
497
459
200
312
358
258
611
496
325
445
227
316
430
364
430
479
685
359
801
222
337
272
231
381
657
474
510
523
479
423
234
541
270
364
589
347
451
485
671
428
400
549
555
536
252
536
909
421
327
351
779
364
349
448
361
609
440
225
857
341
526
378
459
335
659
393
334
722
564
478
427
417
307
696
434
249
694
629
795
487
324
580
410
578
394
670
379
264
394
898
462
464
317
528
347
489
513
543
344
736
388
642
945
821
240
502
1092
357
664
320
427
396
246
475
336
601
351
335
275
440
319
259
441
503
514
429
451
248
478
631
340
344
255
314
258
637
583
1009
202
249
258
403
964
909
510
417
372
247
280
310
836
457
616
885
1161
436
833
492
381
614
493
479
346
439
284
373
419
483
366
433
280
378
501
404
427
389
205
798
424
419
881
457
332
610
436
456
602
885
449
409
439
550
684
209
617
248
665
419
996
339
576
311
507
565
311
348
385
497
331
409
462
684
286
838
608
368
460
367
743
421
266
393
366
340
333
984
496
303
498
453
340
348
408
743
431
438
335
389
332
407
552
651
544
283
420
478
229
779
642
691
281
664
421
381
564
422
568
456
370
345
390
449
829
455
328
302
400
265
626
433
328
238
398
471
347
367
405
420
735
380
429
593
448
331
323
462
640
484
314
357
449
370
319
801
227
201
402
668
781
431
417
561
200
413
407
304
770
377
484
312
317
323
451
335
359
274
529
605
402
868
381
311
458
403
633
389
302
430
439
393
537
304
672
290
921
333
392
401
617
481
814
689
498
692
534
347
391
473
394
605
595
221
496
331
393
351
395
648
238
591
318
366
388
403
481
405
787
810
325
407
301
650
382
453
468
251
735
557
738
456
540
397
211
278
452
478
236
371
462
369
320
954
941
445
602
664
398
264
595
609
541
405
340
470
474
437
375
443
483
375
496
420
473
296
286
462
1029
675
270
367
359
398
430
311
339
470
260
383
306
391
506
558
712
444
437
220
550
634
645
692
332
644
424
395
351
370
346
524
293
483
383
904
486
269
273
693
407
380
208
326
486
374
623
379
273
385
444
518
445
267
381
375
378
649
312
661
675
337
422
334
641
343
347
732
465
743
815
363
438
273
671
551
838
545
653
364
450
448
217
461
375
429
284
360
450
777
840
534
297
431
448
260
318
650
247
417
236
459
296
756
422
569
441
301
645
600
311
516
314
548
531
296
493
374
517
361
265
457
555
1092
349
604
611
595
250
493
482
425
231
410
464
242
243
652
273
352
423
245
592
700
490
891
464
599
504
559
541
518
697
594
390
332
418
391
534
451
251
476
645
453
433
427
726
400
429
541
557
303
571
1191
478
412
548
398
244
435
385
400
661
406
555
486
647
416
398
545
288
449
447
380
495
462
293
481
745
264
332
232
306
601
810
399
281
525
470
506
339
555
260
611
209
626
370
625
384
566
505
592
206
434
331
391
387
258
496
301
567
627
639
232
232
402
236
482
691
452
381
224
364
335
387
430
466
392
325
440
626
467
289
219
218
331
401
636
476
557
443
651
299
502
522
466
851
334
402
293
313
636
396
398
268
523
466
375
471
698
509
535
263
669
875
279
665
435
787
525
611
728
386
763
813
677
972
222
593
574
410
1345
1546
1928
1110
1891
1003
910
1145
1304
1350
583
550
823
937
1030
1030
1192
404
1180
1034
1034
1150
1651
1026
1199
1548
1124
771
666
546
880
982
972
819
522
874
641
1503
1232
1121
1532
829
658
760
397
705
694
442
395
385
514
1012
633
602
342
503
319
603
606
430
673
543
511
856
687
364
1854
348
468
703
326
1083
682
686
553
623
279
342
652
378
485
799
505
427
627
547
658
482
370
650
1151
686
728
793
612
369
484
499
545
1198
1124
542
1293
624
1330
917
522
694
421
584
459
630
409
938
713
931
1049
813
610
483
833
512
582
1005
1292
1029
929
561
486
974
311
292
465
453
652
238
305
407
494
441
713
393
605
228
203
233
576
273
1324
1014
209
629
639
338
484
590
571
363
304
623
948
589
338
691
787
312
559
765
435
631
568
428
262
321
312
333
326
336
538
239
753
367
201
248
923
480
369
400
565
592
574
328
735
499
346
527
212
333
433
301
673
622
508
755
616
817
333
247
944
252
789
288
548
707
1044
252
678
916
983
768
554
1179
823
331
463
738
691
650
404
375
269
607
445
518
246
633
745
295
1298
813
284
649
425
504
619
630
707
1053
799
265
553
499
587
257
740
817
808
748
648
652
396
221
256
275
314
463
391
231
218
332
384
563
210
223
264
258
616
401
428
206
218
246
363
221
263
239
524
289
203
397
307
369
282
504
419
207
390
804
217
582
472
259
291
204
272
501
203
291
505
213
228
407
619
607
222
230
424
674
261
249
529
554
346
609
234
283
715
613
210
246
235
293
281
422
321
252
228
231
215
207
341
324
347
280
359
299
359
285
457
356
212
565
222
348
275
209
267
459
602
353
368
675
326
325
460
385
230
304
222
211
280
375
298
568
250
346
786
477
577
379
240
359
394
329
265
219
458
256
324
271
296
414
263
320
205
266
280
228
350
289
271
257
451
467
283
544
262
224
230
270
516
503
468
240
204
285
240
245
303
281
281
467
893
218
650
220
257
258
461
395
664
630
516
528
286
270
221
315
266
205
529
278
213
213
717
403
442
319
337
496
368
221
357
261
208
230
316
212
509
219
252
236
454
320
467
314
267
440
461
294
222
234
292
671
636
535
339
295
675
292
403
610
815
627
404
302
359
215
251
342
399
250
557
211
367
301
227
204
389
246
531
329
336
209
318
549
586
421
261
368
542
263
409
551
226
470
359
539
469
251
338
508
288
358
266
478
406
309
875
437
316
490
208
407
217
234
251
500
627
741
273
337
432
408
580
467
496
526
316
576
238
263
210
223
241
383
503
349
244
357
244
571
258
489
475
480
232
255
318
357
262
663
200
217
618
403
378
490
214
475
274
265
509
331
414
256
369
487
494
249
669
473
885
308
361
325
451
203
332
548
347
682
305
367
604
307
293
277
348
400
216
240
478
227
280
551
256
309
209
296
226
512
207
389
361
857
484
515
365
374
595
463
516
423
406
211
298
360
607
212
267
250
325
446
241
267
429
881
327
521
339
251
686
261
202
674
334
202
391
322
235
374
598
314
532
268
357
280
351
376
272
200
444
243
781
235
243
692
633
419
383
289
960
614
506
400
521
778
608
221
378
641
531
434
361
530
357
255
453
610
398
310
230
497
629
337
412
327
456
673
546
550
373
490
326
357
443
350
744
1051
380
436
484
678
239
524
345
337
344
444
424
450
290
431
259
370
617
227
410
536
438
559
394
816
338
237
512
471
472
526
242
360
437
571
495
487
410
883
215
584
345
698
649
470
737
394
463
303
545
446
303
303
642
475
460
394
418
345
405
365
415
386
371
497
323
505
397
454
589
322
225
315
299
545
406
477
676
374
476
621
358
280
315
347
412
287
309
381
308
465
923
431
508
390
673
476
625
218
532
508
271
328
320
257
626
413
472
215
447
290
323
819
309
287
251
358
780
609
512
673
546
630
259
241
419
474
345
239
284
341
283
261
476
587
228
284
773
277
315
635
794
466
463
619
557
945
789
717
608
283
248
417
433
368
633
287
325
633
253
503
581
447
291
381
480
700
535
496
550
297
215
239
522
588
321
436
529
410
477
312
402
849
231
366
299
201
983
494
354
486
207
594
399
504
652
636
362
628
606
522
552
505
342
920
397
483
545
533
551
484
581
370
501
664
467
673
256
572
419
398
224
483
507
464
296
386
350
239
663
329
740
509
480
426
815
214
418
269
340
433
512
463
320
716
301
353
366
395
650
405
452
374
348
303
475
309
299
448
794
402
486
496
524
393
557
529
654
213
260
612
307
253
327
716
358
337
287
413
619
651
302
463
249
475
421
409
366
575
504
218
605
591
467
458
244
302
359
306
368
416
312
396
439
476
406
691
766
455
368
211
624
793
349
445
505
459
402
530
660
506
384
367
307
566
566
302
468
265
308
681
334
489
248
533
626
1200
287
516
769
319
469
406
284
541
205
403
764
478
411
492
395
296
427
780
404
233
477
783
436
653
558
599
440
521
242
286
251
507
611
394
589
325
645
329
302
360
299
402
224
800
405
533
209
282
323
268
443
568
357
240
510
407
216
750
317
412
462
480
218
596
596
619
292
436
633
397
494
412
440
493
341
341
747
398
302
602
528
362
620
215
226
830
487
265
307
431
332
310
444
328
583
298
722
298
344
438
411
475
476
406
509
596
305
730
407
308
512
262
377
220
256
507
473
240
596
647
405
311
366
587
292
613
240
251
514
375
252
250
477
404
332
456
479
457
206
313
336
705
418
412
532
516
501
355
508
400
254
400
329
358
251
453
488
294
544
348
570
239
377
392
237
657
329
202
313
537
228
390
270
336
401
353
404
387
484
633
552
753
494
491
481
309
695
454
408
359
378
455
373
412
208
468
424
658
207
570
481
340
365
361
753
760
369
290
311
299
369
290
421
565
283
481
242
264
463
613
261
420
376
465
401
252
392
563
358
548
682
430
301
330
261
311
347
299
479
451
242
546
380
361
415
524
333
625
589
265
601
222
416
241
321
531
671
377
340
356
431
402
344
1045
358
584
318
727
374
351
300
605
777
668
632
277
251
560
245
250
247
260
432
605
234
407
463
689
446
263
361
451
656
323
308
564
281
416
408
368
594
464
365
254
463
381
516
364
604
394
425
759
444
280
327
483
330
436
202
486
369
267
236
245
589
643
376
297
412
418
589
401
262
529
214
783
318
271
317
354
382
293
327
308
454
212
272
329
334
426
291
263
237
221
354
362
670
646
573
435
243
677
252
450
650
716
482
280
466
274
332
288
380
800
303
245
547
291
204
317
536
233
339
377
335
272
379
352
243
245
285
401
256
430
527
214
540
563
203
404
252
391
376
374
368
376
443
408
233
225
401
774
363
609
484
390
268
550
401
257
250
534
493
369
489
286
238
240
278
341
379
584
396
306
516
269
239
286
225
544
541
200
364
500
440
226
814
397
250
538
399
634
910
514
355
397
444
616
491
384
248
362
401
381
350
299
277
370
324
553
300
388
572
556
249
492
472
443
371
639
403
519
419
439
411
411
596
318
454
497
407
615
453
550
260
495
546
493
436
402
204
316
519
450
515
375
425
278
378
486
499
509
306
608
421
457
246
337
575
1200
538
440
280
439
507
516
237
266
452
566
506
366
353
348
386
369
543
534
427
362
328
232
343
639
476
208
414
610
626
357
349
601
589
266
331
592
463
398
369
584
514
482
329
637
429
405
656
537
490
312
257
611
287
463
714
308
371
608
386
406
447
510
588
648
451
444
432
686
456
442
665
486
204
553
434
280
311
200
532
464
372
258
231
633
246
345
368
501
373
347
336
433
445
506
737
396
506
765
253
260
388
308
447
596
464
498
309
254
313
257
580
379
396
590
474
622
481
411
236
359
668
434
322
522
341
393
602
396
396
297
449
294
331
256
882
367
514
215
422
478
424
339
438
392
367
247
370
567
268
506
509
340
753
485
226
378
208
297
382
633
347
386
512
485
227
603
351
351
291
674
595
381
435
266
381
531
323
824
572
581
512
348
934
385
248
288
476
258
379
248
355
207
558
434
402
563
401
390
381
688
400
226
326
547
470
488
239
478
358
316
527
356
466
489
233
404
318
601
245
438
245
564
405
485
569
279
544
583
417
454
488
344
441
610
254
566
299
388
579
328
516
426
646
491
830
473
335
416
475
608
605
386
387
264
561
659
366
272
580
403
396
408
332
501
350
709
348
330
412
372
379
371
313
385
460
387
531
398
375
282
318
428
289
1139
791
965
826
1068
1126
1078
1178
875
1339
1161
964
1050
1317
1002
740
704
908
1039
662
620
1163
1058
769
789
1556
1025
990
780
829
639
700
924
1186
702
1053
659
907
1496
1253
674
941
933
562
680
1605
831
902
1641
595
1103
1010
1007
778
667
1918
1073
1349
749
1404
1789
1456
1080
761
428
404
1015
950
1299
394
1095
879
845
784
533
823
799
606
1043
1454
512
501
617
735
906
713
1078
577
717
623
517
574
397
776
816
488
995
769
887
513
313
487
951
398
1511
717
756
594
670
1837
840
658
1986
506
560
751
343
1006
424
696
912
1107
496
486
643
935
459
702
373
502
677
603
959
649
553
856
880
614
708
414
716
678
887
831
464
482
564
398
1041
704
878
1640
426
1167
674
475
475
845
699
537
839
621
935
967
672
494
1026
1026
465
627
543
680
933
395
1396
523
319
953
483
710
1066
845
458
973
962
1062
629
696
602
960
430
714
392
418
516
496
599
1107
480
336
891
350
376
1471
603
273
628
879
679
458
536
226
787
686
337
1083
730
479
362
546
464
393
591
821
470
675
766
734
830
516
472
693
254
599
1217
867
951
611
281
867
624
1141
665
485
934
586
483
743
535
450
624
581
1122
1263
362
551
691
515
478
501
1222
1021
437
640
429
582
546
525
405
369
780
829
591
754
231
1416
1066
549
509
650
748
530
712
602
817
705
499
819
1785
1008
574
517
398
392
714
572
391
850
1452
900
1108
580
713
457
514
621
557
925
671
428
850
736
772
731
691
789
1197
869
593
693
473
449
438
706
477
444
390
776
678
693
552
373
737
584
481
389
372
1274
508
1513
392
752
718
883
971
614
1165
515
472
551
408
623
1000
553
1167
417
726
658
688
993
1235
771
489
685
351
391
901
332
1012
784
981
307
571
712
656
576
707
481
326
786
755
508
700
452
470
1268
778
820
846
447
410
777
528
1205
624
560
399
1086
794
1022
693
685
988
373
552
553
676
325
631
691
508
503
577
802
714
759
376
908
752
1028
517
386
307
421
706
352
556
553
537
660
953
614
691
536
713
1044
1052
893
569
606
807
382
705
944
1072
638
647
623
599
819
417
470
810
879
461
488
834
602
484
1036
530
1188
496
620
794
521
496
495
922
801
840
666
1158
635
419
710
500
787
566
928
410
470
928
995
718
621
684
690
645
437
461
704
435
519
421
799
407
483
365
619
448
590
665
862
718
815
494
464
894
592
1060
417
657
713
753
672
388
558
386
583
531
443
1213
697
1382
489
351
450
702
848
534
458
551
436
879
506
351
958
763
458
535
910
607
664
815
554
424
1089
749
622
1301
937
916
1152
698
966
812
1146
1223
732
779
481
453
719
886
673
444
665
710
805
705
1131
482
819
465
960
453
788
1143
585
879
1149
1010
459
786
631
233
578
241
845
700
874
1141
256
281
458
451
377
264
379
738
205
223
640
526
286
213
415
600
509
260
204
875
395
354
455
442
420
653
653
704
793
437
200
622
417
513
460
242
482
361
479
410
304
269
1105
354
413
525
413
482
331
429
230
280
315
265
336
1167
244
399
208
210
703
633
347
266
416
320
326
222
221
201
677
625
785
372
566
357
641
246
328
690
641
477
357
546
548
245
251
510
427
440
405
336
501
484
451
685
540
791
293
637
211
496
467
299
258
730
860
277
449
760
380
245
495
280
417
290
379
511
700
723
281
436
347
705
222
218
362
341
431
332
932
295
231
426
497
231
478
567
300
284
282
286
547
293
286
394
632
288
394
343
232
933
522
387
439
494
490
563
278
420
350
420
374
514
284
338
632
239
290
504
460
230
677
201
276
371
460
511
243
438
367
337
433
323
580
365
286
211
235
201
450
610
257
231
415
286
235
253
354
379
666
352
515
406
421
244
712
275
292
388
695
281
347
494
205
568
247
469
378
666
328
512
476
227
599
849
220
464
676
503
540
310
648
392
256
407
254
312
664
276
214
210
483
565
264
361
497
389
417
403
307
204
450
247
729
231
289
216
493
343
305
276
292
481
470
364
269
348
387
902
607
693
494
1027
665
574
472
377
418
499
295
560
664
701
687
495
583
537
269
547
514
314
350
414
298
495
394
463
468
446
460
656
502
373
357
541
544
215
867
509
251
495
618
339
476
537
513
384
845
254
766
922
591
1016
237
649
294
790
640
396
316
600
401
473
455
406
417
246
552
506
305
556
409
369
531
425
413
517
563
208
655
504
257
876
366
331
511
615
460
380
433
491
875
363
281
358
347
212
425
542
998
554
302
253
250
593
467
682
395
1263
571
608
479
907
224
338
915
597
362
440
223
291
391
317
202
799
421
370
458
497
331
530
378
504
264
680
458
815
794
454
512
420
518
621
937
597
222
360
268
616
389
781
510
505
404
453
378
405
368
300
675
280
280
489
397
471
871
387
382
273
392
567
330
359
1106
808
528
907
399
312
591
908
687
492
309
369
453
434
674
463
522
351
292
212
234
601
761
639
288
907
367
437
547
568
483
410
206
364
493
406
471
202
658
274
266
272
685
464
352
499
728
535
485
435
410
480
414
463
462
204
402
451
400
322
252
374
652
508
517
483
637
474
687
402
546
841
438
390
561
492
639
535
470
406
377
524
688
627
506
586
700
402
581
241
528
514
266
256
427
521
506
562
408
424
1089
496
584
444
461
301
413
339
311
577
887
348
456
551
398
388
627
245
677
507
469
497
409
414
579
386
444
492
415
396
302
330
272
541
539
581
460
713
450
528
336
267
663
685
484
349
493
813
258
832
460
439
557
217
460
476
527
374
765
768
272
383
340
462
668
540
763
453
499
477
252
638
687
212
457
1028
319
460
1009
370
425
519
453
429
901
395
491
595
327
417
479
427
617
676
626
557
506
613
338
275
400
689
458
555
695
401
311
450
381
587
533
358
350
388
350
1011
488
644
416
279
213
718
752
507
750
322
594
483
457
496
643
400
310
440
584
372
341
619
674
336
328
774
467
744
473
301
1458
361
374
571
378
518
976
677
737
531
238
642
370
384
388
667
819
990
454
581
556
1118
676
467
269
1314
457
484
634
279
416
587
444
542
407
677
342
568
372
439
676
829
381
599
743
683
360
375
434
281
414
352
798
427
461
457
433
228
286
418
590
525
1026
467
524
740
575
717
492
537
241
390
389
369
426
475
297
309
833
726
422
325
410
437
439
300
666
572
538
362
270
384
340
287
969
374
533
666
690
429
608
304
727
498
361
586
713
389
456
544
552
273
336
422
450
887
505
685
520
267
216
364
428
473
473
343
490
403
379
334
528
352
1406
312
565
286
470
342
675
501
415
829
554
578
524
785
330
371
347
315
302
560
524
484
332
260
610
376
392
557
703
349
629
642
808
409
624
683
324
375
349
402
437
482
564
419
605
533
536
418
336
473
257
527
370
275
362
418
548
415
513
457
244
453
498
715
278
433
829
553
350
375
378
587
661
344
217
570
312
435
427
502
416
906
706
517
456
528
509
318
559
447
702
230
453
533
595
445
675
677
463
500
306
493
636
638
440
728
717
663
268
486
525
318
321
424
668
543
319
509
634
1091
621
250
644
740
556
398
479
627
839
352
633
659
672
448
253
278
561
368
213
749
662
447
540
368
615
304
637
355
422
486
416
255
241
380
338
260
220
459
329
322
782
785
337
633
547
716
763
473
669
840
294
469
492
453
497
483
513
664
367
237
215
229
436
506
470
361
395
1156
201
302
396
332
1018
380
392
209
395
439
457
379
376
447
819
381
405
541
1053
501
534
358
552
574
876
401
466
411
577
375
414
494
623
407
611
361
336
343
438
912
990
599
408
387
346
485
432
575
479
587
502
546
396
553
744
425
495
391
511
507
451
513
659
435
336
398
754
372
224
447
513
752
975
364
572
452
382
425
490
509
299
465
688
608
349
398
638
496
485
467
427
413
414
207
534
600
358
624
549
564
652
422
404
224
447
323
744
670
459
606
710
447
318
331
317
313
257
338
525
432
522
834
409
461
414
382
334
556
290
728
836
326
539
614
428
428
397
526
393
525
440
398
320
530
650
487
513
301
479
891
491
421
424
814
461
696
478
634
476
452
447
391
500
396
346
438
335
518
424
297
398
631
459
462
330
236
330
706
509
418
625
458
335
322
498
559
395
429
432
569
449
524
504
445
733
706
323
363
429
500
794
614
747
409
690
435
471
374
352
419
448
380
646
586
376
479
415
781
339
433
569
305
302
391
677
432
369
446
423
513
260
289
540
425
391
469
290
447
265
372
329
543
432
269
520
342
405
882
418
681
919
487
617
347
298
488
740
352
373
349
292
693
295
693
455
539
244
778
339
308
985
411
356
338
732
315
409
943
232
425
678
664
430
917
247
685
324
381
291
224
439
351
441
444
512
238
583
249
339
454
317
315
412
245
329
630
229
313
209
427
206
462
289
277
426
253
399
555
423
432
366
508
268
264
488
463
442
249
225
486
214
467
413
558
241
235
311
271
283
211
227
289
235
428
488
406
387
421
443
209
267
406
245
460
268
213
354
219
292
312
612
265
287
579
454
593
302
261
300
625
492
328
273
461
405
255
225
614
355
225
217
506
283
323
264
280
422
318
372
209
327
379
314
686
579
272
215
220
300
253
462
220
529
362
252
435
230
435
541
442
463
505
364
387
315
364
297
891
251
455
203
665
256
671
256
509
655
359
252
660
643
252
281
723
423
318
353
425
217
210
236
432
602
493
308
209
246
386
451
506
496
503
655
245
606
298
250
659
524
280
408
269
413
263
300
256
453
284
272
356
204
384
248
237
233
261
467
654
384
1009
392
269
366
331
482
439
482
411
265
353
214
394
473
504
460
209
401
497
550
287
244
808
558
393
455
469
399
379
256
327
676
381
468
397
222
333
286
274
424
379
238
476
555
494
342
473
441
370
315
360
339
500
624
252
206
509
311
252
604
608
433
869
437
271
338
434
501
479
622
343
288
371
229
414
299
529
532
201
594
295
562
237
271
662
554
330
240
443
324
425
408
778
514
373
475
301
246
416
759
468
213
476
334
356
517
271
445
396
482
495
432
398
476
616
357
251
318
349
450
326
326
548
267
695
248
349
536
346
537
440
408
273
582
350
216
374
456
398
201
619
242
331
354
416
461
369
366
373
551
416
538
256
437
395
334
504
357
492
344
380
598
413
215
287
356
239
610
465
545
592
505
399
269
273
366
376
476
668
384
400
413
461
536
260
307
447
336
247
480
488
495
579
563
352
380
532
473
385
613
329
413
585
597
329
588
388
408
538
387
308
249
414
393
695
433
351
441
418
279
335
656
261
666
513
639
430
463
233
287
472
346
416
410
473
529
318
576
273
410
406
498
207
425
288
380
384
272
445
351
454
502
313
414
279
424
616
549
676
820
630
359
497
433
506
300
256
782
422
391
344
534
293
504
375
206
447
341
227
617
470
448
278
673
468
305
430
480
398
697
273
304
391
466
704
296
401
384
559
295
500
237
280
387
921
453
298
412
476
559
294
491
471
612
270
437
269
415
593
570
536
621
830
523
415
465
387
688
410
484
570
474
338
339
465
235
412
272
327
423
405
336
723
279
408
339
647
422
623
356
240
256
339
303
373
555
425
412
475
216
370
333
300
261
361
804
283
487
240
330
358
262
444
427
379
433
746
422
241
796
350
682
377
361
224
434
209
278
706
555
490
432
497
351
466
317
902
433
737
299
279
359
355
295
274
512
287
221
581
340
273
302
375
499
234
374
531
201
443
336
634
374
341
537
550
602
297
206
248
223
429
460
277
250
711
297
585
248
339
494
250
362
967
336
715
861
286
236
290
463
373
348
492
247
449
734
358
353
324
448
590
518
650
262
320
397
329
374
245
401
513
234
260
386
615
400
401
334
370
237
287
675
650
408
406
360
974
376
549
382
609
349
787
253
702
292
388
465
320
336
353
368
241
389
443
293
348
344
227
598
288
369
494
324
476
635
289
383
454
338
368
437
382
566
455
377
701
546
433
563
317
433
676
329
655
411
613
475
263
690
575
506
489
473
768
230
361
501
1208
222
509
375
354
295
315
322
329
521
280
282
336
335
453
261
372
382
237
325
303
630
294
419
226
465
656
587
203
358
486
618
244
734
329
358
399
751
287
603
483
602
393
386
277
313
275
444
560
402
362
330
329
453
316
316
319
336
584
419
258
411
310
353
306
278
422
461
383
623
318
1260
1071
1206
1471
1739
1366
1033
1432
1162
1181
993
1907
1272
919
745
2130
1176
666
771
483
1190
702
600
1139
1533
1443
725
782
1559
489
1204
443
737
793
1472
581
1120
874
750
777
747
859
699
1104
628
580
773
899
1420
739
893
1067
1161
884
713
1231
639
732
540
594
631
388
809
770
778
558
948
729
800
463
413
618
1228
587
440
1044
367
1117
445
1119
312
235
378
656
565
889
794
790
444
511
622
454
610
801
677
454
561
489
593
654
784
620
1006
398
1437
583
750
628
689
1260
821
610
305
1427
604
728
457
653
470
701
375
397
509
927
480
656
568
1026
656
576
481
636
732
613
1058
907
897
967
338
907
460
513
643
721
758
403
1029
718
892
1115
816
536
493
688
1253
526
280
303
581
1115
570
463
1097
521
460
354
526
764
556
588
1529
1140
622
482
656
580
551
498
386
513
587
436
408
581
594
490
494
621
1128
626
475
413
560
1308
489
922
378
738
653
733
433
811
792
519
690
614
746
916
354
584
477
734
1050
393
689
1477
733
412
453
498
217
581
555
530
600
639
414
737
529
1144
478
1094
568
771
605
514
1008
645
598
604
606
721
451
917
674
929
840
677
1070
674
457
727
435
404
656
592
739
629
798
1142
527
920
523
388
780
1034
464
433
856
487
734
461
707
533
468
1103
460
338
833
557
1208
545
939
444
473
380
374
555
422
419
513
1162
367
373
678
482
743
417
340
343
551
789
553
494
347
957
447
608
1097
1257
634
675
1028
536
406
423
454
364
632
529
541
505
744
837
414
1215
512
572
316
627
432
796
802
445
441
707
746
433
387
488
580
508
353
452
885
345
422
773
396
733
566
836
950
390
395
351
830
380
1234
633
291
364
698
629
701
1036
701
251
424
635
841
630
862
443
412
505
888
614
944
679
686
1068
645
893
381
622
619
239
293
922
513
533
595
390
226
435
569
282
348
241
272
376
263
568
370
545
222
371
442
202
266
438
509
398
364
525
368
294
936
329
216
254
269
237
835
346
580
270
327
751
563
276
930
245
316
489
259
409
800
316
376
321
303
222
803
351
723
300
303
357
410
465
224
576
738
276
207
595
908
589
250
596
289
203
639
745
425
435
366
658
526
450
385
628
223
434
254
384
589
321
477
361
1267
245
610
602
423
458
293
676
900
388
434
222
206
751
456
233
285
364
366
338
403
311
284
524
426
442
334
403
348
754
339
551
246
394
557
481
389
417
608
278
337
380
459
487
610
704
548
340
305
362
743
551
744
296
473
286
562
433
694
621
352
356
222
319
296
281
504
659
398
707
336
623
436
366
520
209
439
455
235
432
586
345
431
585
281
438
572
318
244
707
771
315
506
429
513
529
361
425
614
333
689
305
488
262
343
296
402
243
620
387
804
319
302
651
416
333
484
359
712
274
255
452
471
401
497
435
420
390
552
430
588
437
352
455
448
516
358
525
425
282
539
512
547
258
273
722
273
357
587
347
372
375
267
263
387
380
372
453
570
246
288
423
428
392
333
288
517
478
225
415
574
271
333
304
845
472
417
453
228
476
435
335
303
322
212
725
708
668
641
344
218
434
380
517
814
585
205
394
528
627
463
1083
238
474
554
579
464
478
513
381
219
346
447
1012
536
647
318
254
831
451
444
329
370
464
285
237
478
336
499
360
357
328
528
239
238
218
437
436
481
574
421
429
718
571
644
483
831
484
862
506
465
365
203
204
247
368
632
521
657
245
250
398
347
240
355
206
363
238
548
550
599
273
323
646
236
528
292
249
305
256
783
767
346
421
425
327
400
782
433
388
443
398
619
879
332
231
517
568
404
517
573
320
299
381
438
394
397
317
909
464
571
599
577
327
455
364
1019
349
561
345
343
588
694
417
725
368
504
332
681
400
309
440
671
586
346
415
409
666
556
377
289
310
637
485
704
498
578
430
414
405
241
277
269
369
467
207
449
391
336
253
402
376
271
320
527
437
428
783
459
465
594
361
432
409
290
809
824
379
356
425
290
442
761
360
929
406
660
376
421
432
571
318
516
410
356
378
327
388
352
332
313
321
374
395
416
535
222
405
331
727
677
341
562
391
381
447
219
288
425
495
387
746
493
543
389
458
740
226
535
745
680
487
866
609
305
400
368
457
360
645
561
489
530
835
385
652
891
630
336
466
410
583
383
617
294
400
225
396
441
599
216
486
425
279
371
457
691
504
402
515
473
683
274
587
232
603
409
551
339
734
380
1087
494
366
995
313
620
745
519
790
385
441
725
526
673
420
651
441
664
319
505
319
352
912
445
815
221
335
687
477
431
374
777
885
203
501
362
249
527
395
363
520
403
748
442
726
395
650
471
371
373
513
559
380
446
432
284
578
412
259
382
634
426
586
538
573
235
353
406
662
340
430
507
423
305
401
407
298
267
669
491
249
365
343
457
231
567
350
246
209
713
533
702
423
641
416
817
247
575
336
444
505
397
692
504
430
427
513
379
383
596
399
335
731
290
341
294
269
366
499
372
277
466
421
860
221
432
433
515
456
699
478
347
293
244
428
369
500
305
497
679
429
224
351
276
558
394
732
390
608
