2476
2457
2332
2206
2207
2201
2180
2152
2146
2146
2144
2067
2044
2029
2016
1992
1996
1998
1973
1971
1955
1942
1938
1923
1922
1873
1863
1850
1854
1819
1811
1806
1803
1798
1790
1776
1756
1725
1715
1698
1695
1682
1671
1673
1671
1673
1674
1668
1654
1648
1645
1645
1637
1635
1637
1622
1619
1628
1618
1628
1620
1613
1614
1612
1607
1611
1605
1591
1591
1583
1583
1571
1581
1576
1569
1554
1557
1548
1541
1548
1548
1548
1540
1538
1541
1539
1531
1531
1526
1526
1515
1521
1498
1513
1514
1509
1507
1500
1502
1488
1484
1476
1474
1477
1467
1471
1468
1472
1465
1457
1459
1458
1449
1439
1441
1437
1432
1434
1409
1421
1419
1409
1413
1404
1404
1406
1397
1395
1397
1405
1400
1375
1386
1389
1389
1387
1386
1382
1358
1371
1368
1370
1365
1357
1353
1354
1345
1342
1340
1336
1331
1332
1325
1326
1328
1322
1319
1302
1308
1299
1301
1303
1299
1296
1295
1293
1293
1291
1288
1290
1288
1283
1285
1270
1259
1282
1279
1278
1268
1265
1262
1259
1251
1265
1235
1256
1250
1256
1252
1251
1248
1250
1251
1250
1248
1249
1240
1242
1243
1233
1239
1234
1233
1226
1219
1227
1227
1225
1220
1222
1212
1221
1210
1210
1214
1209
1208
1204
1205
1200
1204
1202
1195
1193
1194
1193
1192
1190
1184
1184
1185
1180
1180
1175
1175
1172
1161
1167
1171
1160
1169
1163
1164
1155
1152
1147
1158
1155
1154
1153
1156
1153
1153
1148
1145
1146
1136
1137
1144
1140
1128
1132
1128
1134
1136
1136
1136
1134
1134
1130
1113
1126
1126
1122
1124
1122
1118
1111
1118
1113
1119
1116
1117
1116
1113
1111
1110
1110
1109
1103
1104
1091
1102
1100
1092
1091
1095
1093
1092
1095
1094
1093
1082
1079
1085
1086
1087
1083
1078
1080
1085
1076
1081
1083
1072
1073
1078
1069
1077
1073
1075
1068
1074
1074
1070
1069
1067
1068
1060
1067
1068
1061
1063
1066
1056
1066
1063
1054
1049
1045
1058
1056
1058
1057
1048
1055
1051
1043
1043
1046
1042
1034
1045
1039
1046
1043
1038
1027
1034
1041
1037
1034
1030
1037
1035
1040
1031
1025
1023
1021
1025
1028
1006
1024
1021
1021
1021
1015
1020
1018
1014
1009
1009
1011
1014
993
1009
1007
990
1008
1007
993
1008
1005
1003
995
1002
999
994
999
999
997
994
1000
999
1000
995
997
998
995
988
986
992
988
988
989
990
987
986
986
983
978
986
983
972
981
977
976
976
974
976
969
972
969
970
967
970
965
959
968
966
961
959
965
965
965
959
958
962
959
955
950
948
948
957
953
955
953
952
953
951
951
953
951
945
933
950
945
941
936
942
939
934
941
939
939
937
933
938
922
915
938
933
931
928
935
928
933
927
932
929
928
929
932
927
929
923
927
924
927
922
918
919
923
924
918
914
920
920
919
917
919
916
916
917
907
914
910
907
895
903
905
910
909
908
906
902
900
899
898
903
903
897
896
896
897
889
892
893
893
891
891
887
890
891
891
888
891
884
863
878
884
884
884
872
875
879
870
874
876
878
870
861
869
873
863
873
867
873
870
870
871
872
868
858
867
868
865
866
864
861
851
853
862
865
854
860
858
856
859
852
849
855
855
856
848
854
853
847
853
847
832
847
843
848
843
844
844
840
847
835
846
838
841
842
821
841
835
837
837
837
834
826
832
833
831
834
834
832
839
831
833
828
832
803
829
829
828
824
828
819
826
827
826
823
825
823
826
819
825
823
824
816
819
819
819
813
818
819
815
818
818
818
819
807
812
814
813
813
813
806
812
811
804
804
797
796
795
806
809
788
804
803
785
809
804
801
793
802
807
805
800
799
804
798
802
800
800
802
797
801
796
786
780
796
794
784
792
792
790
787
791
788
787
789
786
786
789
791
788
788
785
775
784
774
786
774
782
763
787
779
770
782
768
778
781
776
772
773
777
768
772
777
771
775
766
772
767
762
772
764
770
773
769
773
770
762
767
750
768
766
769
766
765
763
764
761
762
761
764
761
756
763
762
762
758
761
759
756
755
741
748
755
751
750
751
749
752
754
737
739
743
747
749
737
741
752
742
747
747
750
741
742
743
745
743
747
743
722
734
743
738
731
739
733
742
740
738
735
736
733
729
737
730
735
727
731
736
731
728
733
731
729
730
732
728
729
719
726
718
707
716
718
721
719
720
713
722
723
715
724
714
720
721
720
723
717
721
712
723
717
718
717
714
718
708
717
721
717
720
718
717
719
711
715
710
707
715
701
710
707
711
710
716
709
713
711
706
707
701
708
709
705
707
705
693
706
705
706
706
698
705
699
704
699
702
703
703
706
693
700
700
701
703
690
702
689
697
702
699
692
690
686
686
694
698
690
694
696
695
682
692
693
685
694
691
688
682
691
691
681
686
690
678
684
685
681
684
685
685
684
687
685
686
686
679
676
683
687
688
686
684
683
685
669
678
684
684
676
681
684
682
678
680
680
674
660
680
673
671
680
679
676
667
670
678
673
674
677
678
669
676
677
676
674
675
657
671
676
674
667
673
672
662
672
667
671
670
668
668
663
669
663
669
664
665
668
668
663
667
661
663
656
656
660
663
662
658
660
664
658
651
657
655
661
659
659
661
659
651
654
652
646
659
654
655
652
657
648
653
656
651
646
654
654
654
653
648
651
646
646
649
650
651
648
648
649
650
648
644
647
647
647
648
642
647
647
647
642
640
643
642
643
640
643
635
638
643
641
641
639
638
639
642
639
636
641
640
627
640
641
639
639
625
638
637
623
637
635
626
638
635
638
635
637
634
635
635
634
630
628
626
627
632
648
631
622
623
633
632
630
629
624
628
622
612
627
625
627
626
631
627
617
620
626
624
625
623
618
619
614
629
620
619
620
621
621
617
622
622
621
622
622
622
624
621
619
614
619
615
621
610
618
607
611
613
615
616
618
610
611
613
613
614
615
610
611
610
615
615
613
611
614
612
608
613
609
610
613
614
615
610
614
611
612
611
608
610
600
608
609
601
605
605
605
608
604
596
602
590
607
607
607
595
607
603
599
603
598
607
603
604
604
606
601
605
602
606
603
601
588
597
600
597
601
602
598
600
595
601
601
599
594
601
587
594
600
600
596
592
596
596
596
595
597
584
592
589
596
588
586
584
595
592
590
593
591
592
587
589
590
591
589
586
593
585
593
592
586
591
590
583
588
590
588
590
589
582
588
586
587
582
581
574
585
585
579
587
573
580
581
572
582
581
574
582
575
575
582
581
570
582
576
584
583
579
579
581
581
577
579
574
580
580
572
576
580
577
577
578
566
577
572
577
574
577
573
574
573
573
569
561
570
572
570
572
572
574
568
560
570
572
571
564
565
570
566
572
566
565
570
568
571
559
568
569
566
569
558
570
562
565
562
564
567
560
559
550
564
562
552
563
555
558
553
551
550
558
563
556
556
559
558
557
548
553
557
558
555
557
551
555
555
550
551
547
547
554
553
553
554
556
549
551
538
543
545
544
552
552
546
544
546
544
550
552
551
539
549
552
543
547
545
547
545
546
546
543
539
538
536
545
542
542
539
545
539
545
540
544
544
543
541
544
536
538
544
544
543
539
540
545
543
542
542
541
539
540
538
531
539
532
537
538
537
539
536
538
534
537
539
536
534
532
521
529
535
533
530
535
529
527
528
528
530
531
530
531
522
521
527
526
525
527
528
525
521
523
527
528
527
516
524
526
526
524
520
525
526
525
525
522
525
525
526
522
523
524
522
523
520
519
521
519
515
521
512
516
518
518
505
519
507
518
518
512
518
515
517
518
514
507
516
510
516
517
514
513
513
515
516
516
514
516
514
514
514
515
510
504
513
514
511
511
510
509
513
512
511
499
505
511
504
513
509
509
510
510
502
505
505
506
509
503
508
504
506
498
504
503
503
505
504
501
506
499
503
497
492
506
502
507
504
498
503
502
504
503
496
502
501
499
498
501
502
502
500
498
498
499
498
499
499
499
481
497
493
498
490
498
498
498
496
486
489
494
494
491
485
490
485
498
490
496
495
492
491
490
495
496
486
491
489
488
493
487
493
488
492
494
487
479
482
490
488
485
475
489
491
491
488
486
491
491
488
489
488
475
488
487
489
490
487
480
485
480
482
483
480
486
486
486
484
484
485
487
484
479
485
485
479
478
482
484
478
483
477
483
480
477
473
475
481
465
475
480
467
471
480
477
479
475
478
478
475
474
478
467
478
469
470
475
462
475
474
470
469
473
469
474
466
464
475
473
473
473
470
471
466
471
471
469
470
470
470
457
463
465
469
468
463
473
467
457
456
466
462
466
466
464
468
465
464
459
459
464
465
458
457
457
464
458
461
460
461
459
460
455
456
456
391
448
458
448
460
454
459
458
444
457
455
456
458
458
451
451
457
448
453
451
436
454
451
444
436
451
440
452
453
451
447
453
444
451
449
436
447
450
449
447
448
449
449
448
446
446
441
446
440
441
442
446
443
441
445
444
445
444
445
438
445
443
442
442
442
439
441
442
439
438
440
437
441
443
440
442
441
440
430
438
438
439
439
438
435
438
427
434
438
436
437
433
431
428
433
436
430
433
435
435
434
434
430
430
433
434
428
432
432
433
428
425
428
430
427
423
425
431
428
425
422
427
428
423
417
428
427
425
427
415
422
423
419
416
421
421
417
421
422
411
419
421
419
420
420
414
417
421
417
404
419
419
412
416
412
409
422
418
418
417
417
415
416
417
416
409
412
409
413
409
415
410
414
415
413
414
414
413
408
414
407
413
410
411
413
413
410
413
411
412
412
409
411
401
408
411
404
409
408
409
408
408
402
407
407
407
405
402
406
406
406
405
404
396
405
400
404
400
402
401
402
400
400
399
391
401
395
396
399
391
391
397
398
398
393
398
397
393
395
397
398
394
385
394
397
394
393
389
395
390
395
395
395
382
395
395
388
391
395
393
389
382
391
390
392
379
375
389
391
390
385
387
389
387
385
386
385
385
384
378
384
378
384
390
384
382
385
385
383
382
383
381
380
383
380
378
384
382
372
377
379
382
370
381
381
378
377
378
369
375
361
379
376
371
376
376
376
374
371
372
374
373
372
373
372
372
370
372
371
371
372
362
366
367
363
366
368
371
368
369
367
359
364
362
365
365
365
362
365
364
366
365
365
364
364
363
362
355
362
357
361
355
361
361
360
359
359
357
355
352
357
358
352
353
352
354
355
353
353
349
343
351
348
344
351
350
348
348
338
348
346
347
348
336
343
346
342
340
338
345
338
344
336
337
341
338
340
341
337
340
336
336
339
337
334
339
339
338
320
336
335
338
325
338
338
335
337
335
334
335
334
320
333
332
333
331
330
332
329
329
330
331
331
330
332
330
324
329
330
328
331
326
329
329
328
329
329
324
326
325
321
326
323
323
324
315
323
323
316
320
321
319
320
315
306
315
318
318
320
315
313
320
315
316
316
316
315
316
310
312
301
312
314
312
311
311
313
311
314
311
312
307
313
307
311
311
302
309
304
305
303
302
305
307
306
300
298
305
304
297
304
304
304
303
304
292
301
299
283
301
300
300
299
300
299
297
298
291
287
298
293
297
297
295
295
297
296
292
295
293
291
293
294
282
285
291
293
292
279
291
291
284
286
290
289
288
279
288
284
286
284
285
285
281
286
283
285
282
283
283
281
283
282
281
278
279
276
281
278
276
280
269
279
279
267
278
278
278
271
272
274
276
274
277
270
273
276
275
274
275
275
267
274
271
269
271
273
270
271
273
270
270
267
264
270
267
264
268
267
267
264
267
263
263
266
264
263
261
265
264
262
259
262
263
263
264
263
262
257
264
262
257
262
254
261
261
259
241
258
259
256
258
257
259
257
255
258
257
254
255
256
251
255
251
252
253
244
246
248
233
248
249
242
248
248
247
247
239
242
237
246
233
244
242
242
242
228
241
240
240
241
234
237
232
235
234
238
235
236
236
235
236
233
233
232
230
228
229
233
230
232
232
232
233
232
232
231
229
230
227
225
223
229
224
224
228
226
226
225
221
222
225
214
224
218
224
214
220
216
220
212
214
221
219
220
220
219
219
211
218
218
216
213
214
212
208
214
211
209
209
212
211
209
206
208
210
209
211
208
206
209
202
207
203
206
208
202
206
206
206
203
204
204
202
205
200
203
203
201
202
202
201
201
200
