1459
1449
673
878
852
678
1648
1372
1165
609
1181
858
720
935
796
623
930
701
581
1097
558
756
615
560
869
728
638
970
1005
825
720
679
1084
725
586
527
815
568
697
618
669
551
491
661
520
750
540
503
521
723
568
942
584
565
466
1358
502
788
551
1127
785
485
545
799
498
623
555
707
532
602
858
495
884
714
835
883
1021
601
532
577
692
652
554
615
707
925
738
919
700
455
538
777
448
562
514
568
364
585
391
340
1121
632
585
486
551
513
557
436
680
593
471
569
498
579
524
748
944
505
305
885
541
523
606
578
1640
474
492
590
580
434
625
482
380
640
698
526
609
632
722
666
588
684
867
643
421
617
778
413
636
476
552
436
550
710
666
525
776
732
456
548
690
507
378
702
527
490
920
609
511
560
579
629
1528
616
307
478
347
1182
503
1281
621
795
692
493
541
518
348
563
420
608
664
620
619
625
663
747
561
472
737
638
551
433
575
743
385
458
568
603
482
495
554
512
525
1015
557
474
341
361
598
501
444
429
409
246
804
464
1480
559
936
565
457
816
503
454
322
406
468
592
801
361
576
651
465
701
852
474
561
444
432
585
894
906
450
678
466
798
671
640
365
582
430
618
665
700
584
575
503
377
511
623
399
470
379
643
621
836
1223
767
638
451
528
421
519
473
623
365
508
331
839
506
371
574
367
538
425
380
319
532
503
613
448
1214
787
471
491
462
471
349
443
567
737
876
461
372
508
759
609
292
413
487
388
522
718
455
551
431
514
468
452
362
511
526
444
1127
401
468
335
363
328
459
472
424
616
405
333
584
442
472
651
442
318
454
325
640
512
740
348
636
432
502
475
410
525
401
362
780
570
465
549
491
462
556
497
1128
616
500
608
361
872
294
617
339
1130
504
1364
413
744
372
453
408
467
679
436
394
1201
336
491
1090
494
743
477
376
311
363
499
621
437
438
411
430
356
819
572
667
881
405
379
399
553
520
437
404
503
743
307
831
597
270
720
530
608
620
476
599
731
639
726
494
379
425
1104
654
688
699
578
519
524
384
310
580
415
429
245
423
241
316
373
653
596
402
254
376
586
518
421
503
389
491
494
698
669
478
344
433
520
219
521
529
366
416
510
645
573
1601
603
435
515
440
857
1257
463
413
508
420
388
667
587
319
397
424
357
379
406
566
275
495
380
485
441
1292
419
853
454
426
428
430
304
381
583
467
395
367
411
418
654
782
623
733
712
628
637
474
583
717
300
223
1237
472
520
639
681
1134
478
422
854
473
235
381
415
461
330
424
640
442
349
395
418
377
493
380
619
376
677
347
669
370
684
415
510
362
263
385
1278
632
410
566
530
391
227
245
796
536
565
513
469
444
660
325
484
474
359
790
599
383
480
596
412
724
435
444
586
489
476
458
423
442
391
419
437
376
387
663
498
395
565
560
756
536
321
448
742
621
557
623
418
394
358
402
1169
449
631
447
374
359
432
491
452
490
452
674
440
409
354
631
894
528
493
412
485
398
447
560
685
454
419
451
528
513
512
627
925
1101
541
703
342
357
752
416
638
510
376
518
342
432
287
239
414
455
993
461
474
451
543
440
760
351
405
381
445
377
223
537
317
390
228
673
492
1075
415
790
469
631
393
377
426
397
316
786
448
312
348
347
341
337
477
445
731
415
376
549
397
290
226
478
394
746
652
603
522
370
414
360
353
1660
486
256
431
474
386
597
423
536
268
896
449
650
397
384
436
536
549
465
230
389
465
311
709
323
393
419
498
1163
410
300
577
755
582
550
488
310
575
374
401
364
538
406
408
392
416
446
415
410
591
323
456
251
533
1086
486
563
352
908
476
391
360
516
296
403
855
388
485
530
400
470
285
584
626
389
365
296
369
389
1814
333
285
330
457
545
391
422
668
568
990
568
410
524
333
572
261
523
379
211
486
371
387
382
475
654
548
386
2490
405
529
453
354
365
399
376
325
247
341
272
612
334
358
418
432
420
329
1201
484
206
526
286
1077
416
424
662
335
294
336
272
272
403
414
449
266
383
648
316
339
496
627
477
203
343
467
449
399
502
540
498
274
400
535
323
337
487
449
588
419
960
367
515
955
459
309
428
593
391
630
374
408
486
493
437
421
426
272
500
335
440
265
434
403
1387
427
581
294
756
496
387
552
316
343
412
232
343
323
477
364
1016
436
369
570
495
382
252
341
244
928
457
370
440
425
368
225
679
415
578
483
387
459
560
285
429
368
398
249
507
278
602
510
417
416
405
784
740
546
392
346
329
270
367
464
372
358
732
416
483
282
525
472
340
433
700
535
1157
601
438
407
455
1360
268
425
273
825
722
291
1894
324
434
345
623
675
474
453
633
1756
387
462
422
683
324
484
591
623
391
519
405
303
461
809
404
255
672
421
404
1299
283
356
290
1315
439
374
486
406
752
913
372
324
335
367
370
556
373
439
404
407
468
626
683
769
433
408
635
377
412
970
337
1209
419
336
312
421
391
341
565
374
371
1109
393
246
1331
417
845
457
409
283
328
449
589
525
331
481
335
352
384
461
453
524
822
433
393
416
675
475
408
393
392
922
272
344
512
415
230
563
1050
347
567
394
559
508
370
419
495
423
358
311
342
251
227
329
295
345
491
605
660
372
302
1039
419
1479
1188
368
328
324
411
1026
531
774
539
490
727
543
488
674
351
209
875
295
577
286
1053
470
598
419
417
625
465
297
646
369
373
355
683
479
329
338
696
264
243
400
428
496
572
272
478
1670
542
386
518
539
400
378
1300
374
476
344
591
1971
282
1429
426
628
487
774
1393
901
593
407
1036
374
494
362
367
308
392
428
385
416
201
426
731
429
277
636
422
234
398
414
324
603
359
984
237
490
407
319
477
544
316
418
568
372
302
339
654
843
1197
467
563
263
324
351
977
353
299
1542
412
1408
257
453
349
386
349
638
629
951
326
314
339
597
499
315
280
231
267
406
964
564
458
284
328
616
370
434
579
667
354
688
254
755
407
305
547
400
501
460
289
524
534
365
454
323
332
436
600
391
319
388
450
856
469
484
669
293
409
593
1059
758
335
452
390
1686
431
616
218
265
292
753
735
494
901
260
499
500
457
664
398
403
306
301
354
553
492
1109
345
333
410
208
585
235
281
419
265
1525
655
223
687
639
417
657
422
337
328
659
610
201
200
361
443
1178
355
1286
1092
420
430
270
326
780
426
329
511
624
420
560
321
364
558
497
561
538
271
348
338
1091
635
674
571
359
348
268
716
402
693
397
414
344
436
395
690
338
790
763
625
245
346
463
939
480
445
765
328
950
645
536
350
368
579
282
408
1077
281
1357
344
219
390
455
561
536
625
372
410
496
1348
329
455
480
280
488
312
465
486
400
499
985
300
254
317
330
398
1108
227
646
379
344
555
1049
417
361
512
446
422
552
583
1017
313
486
1016
673
733
780
496
329
723
568
860
415
695
363
377
385
912
700
375
656
427
248
1347
430
523
467
474
497
836
282
330
213
481
417
293
354
595
814
387
267
302
718
278
672
572
588
444
233
388
360
423
339
356
628
565
318
276
268
541
401
908
618
643
928
254
398
362
719
353
645
464
451
414
792
227
435
507
501
239
462
350
875
373
472
359
429
1257
482
515
441
615
474
279
427
459
835
781
601
280
397
643
440
1278
410
957
408
203
1125
693
428
398
399
323
289
346
310
253
487
1218
479
459
702
734
294
480
358
320
346
658
1295
307
1232
338
760
466
579
316
1374
355
783
391
278
393
314
604
1421
303
1691
354
596
1166
663
456
525
457
402
442
315
535
210
418
301
256
240
517
363
350
445
368
649
471
494
326
407
578
1003
371
984
267
422
212
435
432
647
576
1559
262
388
256
420
1324
417
353
267
462
458
560
566
342
383
261
340
860
249
1358
1471
810
458
424
976
503
861
690
525
440
310
528
509
979
706
1341
459
612
478
470
246
384
678
324
371
358
1397
362
1066
542
888
300
572
368
695
346
204
1015
532
713
742
492
428
421
358
407
611
395
580
400
370
334
315
491
413
349
701
267
332
376
662
433
287
851
353
1028
234
726
874
1377
491
226
1162
547
405
747
411
490
1166
1122
234
689
245
404
692
528
1149
1087
650
841
498
493
604
956
332
1217
583
372
263
269
454
394
417
479
384
376
1485
356
1218
461
460
343
401
471
304
347
552
710
906
377
282
240
410
925
422
219
731
475
388
440
897
470
212
951
669
401
587
418
348
350
390
321
247
323
613
330
364
805
423
729
565
283
535
403
348
907
397
322
485
374
844
383
415
997
582
410
677
501
673
639
809
416
1255
440
315
360
535
592
317
629
332
270
943
706
500
463
315
475
536
881
354
327
462
260
217
481
505
479
339
474
232
1221
256
735
429
413
216
335
960
263
543
480
514
409
342
1335
454
687
875
246
286
375
310
410
314
694
425
346
653
448
1441
575
299
696
423
240
324
616
425
885
402
864
219
202
504
671
836
298
553
1046
529
892
466
330
378
333
634
301
220
653
374
395
388
273
1060
248
322
340
441
359
463
284
288
613
292
288
331
613
623
1216
679
327
390
844
372
448
767
363
330
668
657
549
391
937
322
365
1513
275
248
284
535
425
290
500
355
744
538
623
467
583
946
634
281
569
338
410
783
881
1303
493
411
398
519
1248
449
721
359
411
958
399
610
318
260
376
273
692
380
1055
372
511
425
599
406
361
246
924
962
375
481
422
352
444
635
438
1153
378
859
898
927
250
336
539
401
416
323
1042
356
742
360
919
637
653
919
1181
376
932
279
396
340
328
672
631
250
872
446
552
287
616
1022
474
401
1336
589
683
510
447
360
1131
506
282
495
781
806
454
736
1170
424
899
877
408
657
1098
837
1126
336
844
958
665
440
219
384
435
655
474
511
399
495
362
329
346
316
361
1140
498
857
406
509
1496
442
954
359
951
492
401
650
385
356
259
413
380
283
530
397
695
504
643
1509
254
376
1196
552
459
457
375
275
541
383
274
270
1188
346
686
588
387
905
329
375
988
484
550
454
560
1087
616
724
1795
420
356
500
260
565
233
458
400
805
387
391
935
322
567
411
407
382
528
223
355
737
205
743
201
547
1072
420
259
435
919
1116
339
1749
493
847
618
409
596
264
301
729
224
387
411
307
365
386
577
291
568
411
563
300
402
377
261
920
382
353
345
387
472
1523
483
961
295
500
792
342
474
701
335
372
571
264
414
542
240
417
299
428
260
202
953
329
556
703
438
445
794
405
599
494
342
290
551
467
338
909
800
364
373
388
435
1127
354
487
1596
423
371
382
1162
437
475
375
563
330
519
552
802
261
219
851
464
1729
220
264
768
282
434
462
790
269
641
826
350
289
996
374
382
300
306
467
419
515
1170
914
434
255
386
356
736
1182
820
350
328
311
441
580
429
252
356
889
535
294
405
551
702
299
321
540
1009
406
430
443
548
223
374
346
552
887
283
1139
729
706
321
224
635
397
392
352
425
496
291
1231
346
413
263
425
658
469
426
226
383
531
1056
229
333
229
207
428
850
312
411
420
207
268
303
606
303
474
741
1155
455
334
378
564
385
451
339
971
263
413
1360
351
505
419
290
1266
844
465
491
667
322
425
393
359
344
235
1176
253
382
407
335
253
358
354
644
679
262
253
271
360
431
559
263
305
350
459
267
1043
401
264
408
261
425
441
341
515
510
470
426
763
494
652
364
552
468
420
726
845
274
386
370
860
274
384
470
1060
318
316
519
707
275
267
359
280
1035
651
475
405
397
524
252
892
419
377
488
523
899
434
306
245
218
233
766
811
2080
763
422
245
384
386
1428
442
919
511
827
282
368
360
366
353
404
1308
414
409
812
698
607
340
760
774
235
646
624
742
406
497
747
491
480
229
336
409
952
207
393
677
439
415
285
300
328
412
396
408
446
460
348
1127
514
321
396
239
290
299
413
231
340
878
1284
1342
918
686
490
1245
392
412
484
652
267
476
718
428
450
759
656
447
420
399
514
626
506
386
425
997
363
632
992
401
715
378
605
301
374
1964
283
400
864
326
330
451
368
276
425
339
357
243
397
307
293
315
518
435
259
363
1518
625
326
797
348
658
459
579
533
390
685
721
894
446
436
449
918
362
1460
201
285
325
558
300
433
405
404
357
944
295
761
375
388
288
701
374
458
548
298
303
478
248
302
738
617
793
385
445
1248
535
808
260
454
324
579
387
391
1018
537
214
630
376
245
592
517
580
335
290
379
334
513
1062
905
369
960
260
754
386
1362
419
289
377
400
753
826
334
332
395
437
507
356
918
954
272
1213
434
423
276
408
517
206
513
316
1178
550
649
1333
596
401
748
428
341
663
493
379
423
346
923
605
439
292
397
347
445
825
437
877
1207
455
467
568
462
486
587
894
429
826
290
354
420
444
586
614
583
739
664
234
603
454
292
416
1377
456
384
302
414
335
327
535
623
233
331
812
735
363
418
544
733
449
440
396
425
379
347
428
729
468
359
662
305
1045
281
333
843
298
1123
538
501
747
1425
443
1127
702
801
383
604
961
373
393
789
463
397
617
383
329
799
522
276
545
961
267
399
264
670
223
267
323
909
350
558
491
1304
693
426
361
472
1034
709
554
1094
768
609
479
497
318
604
861
405
299
390
395
781
403
602
345
825
674
493
337
547
489
663
397
512
344
358
389
500
442
406
1312
533
1052
1429
1038
322
257
1159
418
222
248
252
472
553
1148
284
334
488
859
407
479
414
508
379
403
456
702
416
1136
321
528
347
374
415
941
426
209
554
332
564
460
534
577
834
277
425
389
581
457
405
452
1399
1078
392
527
476
1113
997
384
351
757
445
456
368
393
518
252
463
449
315
432
380
413
446
309
371
574
817
336
369
366
1027
331
444
417
227
211
579
294
609
619
585
380
585
593
644
1364
450
423
669
403
375
740
656
578
267
396
361
952
752
404
683
447
725
353
496
692
407
896
1213
772
349
424
637
1291
774
929
277
721
291
669
365
676
942
432
281
202
328
936
355
329
500
603
403
482
464
579
232
325
773
719
537
1552
258
673
458
675
413
577
1096
712
577
371
460
353
391
557
450
353
361
663
358
708
328
352
411
766
350
250
775
319
413
548
437
307
221
539
704
1374
331
890
828
767
573
734
729
468
409
605
521
344
351
442
385
611
370
412
1016
322
336
450
488
448
483
715
460
253
330
358
453
651
461
775
411
1043
421
537
371
356
434
407
266
1233
637
322
424
435
249
585
365
413
374
710
477
329
374
329
344
406
871
436
339
697
1334
412
314
539
293
388
391
388
1977
665
216
726
606
743
431
654
1417
421
267
238
1205
727
529
576
302
776
418
456
567
324
513
336
523
291
395
447
320
284
952
611
200
494
433
760
1082
392
997
526
380
486
597
421
543
597
503
325
352
552
212
605
558
451
317
418
656
438
343
367
339
374
238
409
493
563
398
587
359
366
500
401
498
880
371
625
356
425
332
601
536
365
384
237
1064
459
417
629
347
477
349
372
698
661
374
437
402
402
781
427
1240
990
641
402
1297
568
228
495
618
631
594
1283
873
551
446
349
570
367
354
299
375
403
345
797
573
320
536
1651
613
549
518
495
357
690
429
820
848
590
663
253
357
274
1305
340
617
450
435
729
458
421
1029
409
287
251
337
389
500
320
1169
543
377
583
679
250
233
738
312
282
416
783
201
201
454
634
299
305
341
484
213
917
751
393
236
295
830
313
541
308
594
412
362
434
421
548
898
388
583
1086
708
579
991
754
344
668
284
514
671
406
327
337
548
380
431
329
889
321
423
307
412
360
448
359
551
370
318
388
426
221
763
634
327
534
287
446
584
477
739
577
363
381
337
304
296
586
446
628
945
422
318
761
799
1135
303
478
368
308
348
635
383
788
433
650
436
375
660
363
373
427
453
347
673
1394
1013
1070
326
538
251
415
676
230
544
825
454
1224
417
600
478
473
378
659
410
1362
605
353
1130
377
514
466
413
500
667
217
463
348
419
372
390
682
578
425
270
210
440
212
390
416
200
307
1538
962
606
308
400
300
1085
396
399
447
324
377
381
213
205
777
584
332
504
769
1290
311
485
422
1176
494
381
369
879
466
849
891
461
395
866
377
765
702
485
435
1061
553
334
631
680
420
730
400
698
268
414
424
628
263
791
531
913
428
289
1012
471
425
452
431
410
456
315
941
900
270
704
280
366
389
218
414
888
205
330
501
503
417
488
379
1557
431
398
336
824
310
438
494
1139
392
367
469
957
1048
475
678
431
446
710
488
442
904
705
591
329
640
711
1061
238
521
637
371
310
589
412
412
282
1036
618
401
583
283
501
207
278
420
921
670
352
737
577
385
484
548
588
589
688
403
769
359
225
817
408
229
389
818
273
359
316
347
330
713
274
205
200
208
513
210
835
460
646
469
536
316
677
481
459
207
416
375
390
505
427
529
299
389
678
555
553
459
727
399
454
584
435
422
484
818
421
476
1025
273
475
410
406
481
501
496
244
703
390
944
899
447
371
254
369
311
605
413
372
316
355
556
308
229
464
350
694
411
366
534
468
443
429
644
994
380
318
315
359
524
512
636
370
1271
405
318
979
444
305
1507
575
394
358
747
271
379
369
487
201
684
321
633
471
708
379
1101
406
680
458
203
445
501
316
330
776
398
406
391
350
479
216
264
361
394
395
285
906
460
456
285
492
358
294
765
589
857
480
390
210
492
379
339
305
634
1099
524
410
477
327
489
274
643
334
384
385
297
576
339
520
747
428
610
362
546
354
457
363
408
428
273
386
473
305
803
1424
435
314
419
749
873
416
545
541
278
494
767
410
358
353
309
520
616
425
250
266
576
499
483
276
1653
666
333
345
510
489
605
705
457
238
389
264
412
812
347
491
1043
698
382
258
285
601
371
503
249
459
418
248
425
210
377
359
418
396
390
615
216
317
338
955
925
256
654
621
413
442
650
208
478
438
353
408
387
253
717
638
824
345
321
640
338
360
443
503
487
299
902
441
463
748
667
1520
317
440
446
458
392
559
369
323
408
524
382
244
297
377
381
411
372
382
433
344
544
253
402
472
1227
373
412
389
339
354
467
454
308
396
384
387
383
219
317
628
506
344
490
602
411
363
235
202
318
463
416
401
306
397
478
618
545
391
527
712
367
322
435
352
284
373
393
453
409
497
587
495
294
332
467
299
254
1284
663
745
353
467
385
422
396
552
546
390
531
244
360
717
887
649
630
372
259
842
504
437
885
338
297
362
390
681
221
436
790
202
801
345
450
598
404
330
410
795
486
852
688
604
391
282
577
414
910
728
331
390
227
342
659
422
361
385
370
282
600
562
470
406
351
511
582
604
319
357
543
1330
515
329
386
380
251
316
236
506
321
391
380
458
758
402
966
798
349
368
599
373
285
394
329
699
483
592
668
456
390
520
502
580
476
970
542
275
512
222
206
368
349
242
282
345
388
501
239
456
439
271
402
1061
459
337
431
310
319
420
408
587
489
733
469
319
504
503
428
511
548
414
439
619
361
458
455
402
260
476
375
260
961
476
471
387
722
395
449
436
614
384
399
601
299
292
514
692
416
687
356
389
572
989
456
422
496
715
571
394
362
391
311
317
509
337
321
432
436
405
323
293
390
639
837
1009
898
364
278
384
644
640
1100
297
496
378
497
618
285
575
907
324
463
680
380
434
430
329
709
315
397
587
319
527
358
461
725
450
438
393
336
298
527
480
455
396
449
382
438
396
288
568
306
373
289
1110
616
425
564
505
581
1052
286
334
444
405
240
425
283
359
231
409
457
469
614
619
589
445
525
344
559
680
362
307
358
408
672
548
361
471
593
1017
331
431
378
380
463
532
286
907
635
478
269
397
291
492
412
387
367
673
652
439
390
775
218
575
209
335
323
582
405
404
591
696
582
348
230
412
436
494
303
395
423
475
463
469
376
474
477
275
1116
414
329
369
726
456
388
397
640
498
373
361
596
385
473
506
621
365
1132
355
387
527
361
841
421
492
1371
451
438
1057
486
345
408
317
1079
385
956
309
543
299
259
837
474
725
365
574
310
488
590
606
412
290
388
480
681
504
412
476
235
324
434
413
600
419
389
397
358
547
365
412
379
251
1330
476
596
477
400
363
1212
550
238
419
378
493
412
321
367
442
478
281
417
359
401
219
202
265
234
779
520
382
259
659
322
267
929
527
409
491
481
392
266
442
373
403
388
280
459
285
479
251
438
473
513
468
374
407
462
291
353
313
476
497
439
929
645
621
460
293
236
647
253
741
252
1067
432
795
322
261
670
413
280
448
514
461
272
404
762
409
332
331
355
548
399
348
665
609
395
1303
330
231
341
655
367
419
342
321
322
468
390
472
290
410
440
418
364
300
422
467
442
402
444
415
393
627
312
389
409
734
638
471
343
598
347
675
484
528
749
394
315
416
380
372
640
1063
203
302
689
950
400
256
310
584
428
360
423
387
1012
334
1035
302
355
690
359
386
397
286
335
395
426
226
336
458
513
629
935
394
217
269
374
367
378
384
922
320
782
532
508
313
363
657
529
666
349
427
364
310
403
295
380
747
593
519
453
488
323
401
329
278
403
346
335
344
433
446
631
717
357
312
458
369
250
438
335
331
735
359
495
405
593
260
307
244
588
376
424
401
418
540
424
283
985
502
402
400
267
609
431
369
945
417
447
319
498
570
437
338
352
395
423
632
336
415
407
414
623
384
452
286
434
339
484
596
397
599
262
248
385
381
420
226
274
408
434
514
680
654
361
345
314
630
569
786
419
499
551
367
411
399
253
405
337
498
483
358
417
452
288
987
502
407
817
294
338
355
423
607
292
593
453
487
397
650
331
352
360
657
391
356
419
677
344
838
679
391
379
433
313
356
323
373
583
264
392
419
347
594
332
340
399
366
292
437
817
374
346
511
388
490
747
402
581
668
375
428
341
322
658
319
382
362
251
359
388
458
417
320
262
364
293
638
656
252
262
387
695
427
488
410
328
604
265
262
586
766
216
371
381
369
594
227
405
273
356
417
302
280
292
574
483
299
409
401
340
422
394
414
264
360
735
401
247
591
552
358
620
392
386
658
246
349
355
351
440
316
563
385
370
573
368
354
290
375
489
386
318
459
1075
1056
423
345
335
413
392
430
374
390
449
436
357
393
275
373
345
404
406
354
303
629
420
216
496
310
408
633
895
729
353
315
331
418
368
568
285
432
357
545
376
366
465
504
206
303
464
441
283
273
264
273
488
230
206
337
286
412
266
561
290
416
406
329
413
364
261
256
307
275
407
391
333
401
225
235
302
437
279
214
260
264
251
247
300
235
422
271
247
275
345
226
200
444
207
217
382
220
241
345
300
202
320
343
310
396
299
382
241
369
205
227
325
342
232
309
216
280
248
259
228
273
298
217
294
292
258
582
233
287
202
335
327
485
341
307
354
364
294
274
237
228
292
340
257
355
330
320
407
527
257
313
406
260
273
234
235
251
626
275
328
200
351
323
411
211
304
283
478
231
244
244
325
247
301
409
416
445
214
323
415
224
316
269
275
365
209
332
327
453
267
371
386
209
278
227
226
377
247
237
205
320
409
351
350
250
256
316
633
233
315
312
430
248
381
311
261
433
362
355
229
354
242
377
252
445
228
393
390
296
382
385
284
272
287
589
258
496
402
253
463
274
258
385
273
484
302
358
295
369
240
257
249
264
471
422
422
215
359
384
212
227
271
290
341
309
250
365
536
356
375
268
306
252
288
317
235
402
241
272
523
289
294
415
269
519
322
278
362
246
385
383
404
465
276
379
365
226
350
331
270
371
313
290
381
356
342
289
416
379
271
348
229
267
363
441
329
388
335
282
378
366
384
332
424
387
452
257
206
297
335
368
295
228
254
336
244
376
402
271
288
210
242
399
299
276
357
219
399
374
379
280
303
359
337
382
291
232
368
273
390
355
385
326
276
306
400
260
367
622
419
417
406
401
222
243
325
331
212
335
336
368
289
319
655
286
345
425
339
297
384
239
357
266
259
384
267
430
431
415
379
446
298
229
385
518
390
263
231
224
357
250
276
203
374
368
430
268
297
382
415
238
407
359
266
354
207
426
345
236
442
389
419
263
379
369
474
301
383
371
339
368
349
323
300
375
308
316
213
415
296
279
359
359
371
408
270
363
300
200
462
485
332
476
531
251
318
292
316
469
312
415
382
457
331
367
225
249
405
345
435
342
273
277
408
281
310
309
342
380
349
402
411
237
361
246
381
271
772
261
398
399
374
354
323
266
572
383
409
268
351
373
324
353
289
275
560
256
471
215
304
251
233
420
370
257
423
509
322
453
399
433
277
648
248
279
342
302
460
296
431
254
278
339
378
335
485
317
442
201
403
208
443
409
373
371
228
339
263
419
250
375
368
395
447
206
328
347
288
270
356
211
507
455
402
248
346
237
230
502
333
264
421
273
344
311
295
237
332
227
341
329
364
316
411
382
279
403
336
329
345
369
461
385
266
288
384
468
396
371
361
309
225
208
314
355
427
210
424
309
442
246
294
320
232
277
284
215
352
336
211
440
454
284
345
360
242
222
623
243
369
350
394
362
427
461
298
362
344
345
264
338
353
441
368
305
282
381
308
393
510
220
217
306
255
217
274
380
207
210
325
221
201
267
380
431
267
410
456
519
349
400
355
330
228
542
415
304
480
268
271
386
414
270
259
316
302
251
268
238
327
400
210
353
214
413
411
204
325
346
206
418
551
391
342
284
281
304
414
417
415
327
415
410
348
316
389
325
450
287
268
346
284
480
236
468
246
397
401
321
368
421
388
570
335
366
330
353
308
247
418
404
284
343
326
287
282
424
295
396
369
225
393
387
365
256
390
324
310
460
368
238
219
279
266
274
229
249
514
247
292
320
351
458
287
372
417
331
298
394
289
595
483
316
315
359
270
360
408
370
405
323
375
234
312
406
468
398
326
406
290
212
489
357
375
389
288
361
297
259
410
322
375
271
508
229
314
360
262
286
439
414
329
310
259
272
337
282
315
266
269
314
228
472
226
514
272
363
256
423
509
301
263
413
396
213
387
374
353
370
241
411
327
413
395
467
395
200
240
418
279
363
401
359
319
315
546
385
291
242
233
258
359
228
214
378
309
229
374
226
218
322
279
312
309
381
386
463
271
428
353
398
228
335
367
229
366
412
434
376
362
354
342
425
285
382
280
307
322
473
354
357
251
252
288
290
370
315
378
315
408
286
264
217
357
374
255
270
256
432
281
393
522
331
237
305
482
320
233
244
392
388
261
236
214
219
413
284
338
374
372
237
303
389
363
204
207
268
355
273
398
232
391
308
223
345
456
359
347
257
249
399
345
397
414
391
312
282
232
297
320
241
314
318
536
321
379
344
272
391
256
465
323
226
442
281
418
358
350
380
405
264
310
366
427
201
239
347
282
243
380
384
568
415
311
343
362
398
325
311
391
235
250
231
264
350
343
335
261
348
371
273
255
414
225
291
423
342
289
339
335
351
414
246
340
332
423
254
249
351
272
385
349
248
292
368
253
298
204
230
353
422
331
216
374
265
446
350
303
401
329
477
400
433
353
202
370
288
359
326
337
263
274
397
393
355
343
408
285
355
344
336
362
326
267
348
316
360
278
242
326
472
302
360
215
246
293
374
461
307
373
373
287
332
346
322
245
209
257
356
256
391
333
219
201
278
300
238
202
284
532
255
272
277
327
342
372
333
431
285
261
416
336
237
375
220
242
338
416
441
259
385
351
300
290
262
300
297
344
302
246
253
223
318
323
278
305
234
347
416
405
434
290
341
234
316
392
251
250
316
332
334
253
224
308
328
248
291
314
260
298
314
294
415
314
359
281
285
254
248
276
207
266
222
220
226
319
200
270
499
346
209
376
222
391
638
233
280
351
222
226
274
243
202
352
336
411
239
353
295
406
205
368
341
317
203
291
251
316
367
340
316
206
238
223
274
301
320
285
218
416
289
293
231
264
317
218
252
346
324
211
346
311
326
376
373
371
335
355
316
237
379
388
398
414
348
353
321
223
318
355
319
282
270
305
286
225
361
218
258
218
216
255
286
318
419
271
334
322
344
340
214
232
300
259
313
362
355
322
304
309
256
325
303
314
216
216
211
249
233
210
222
386
211
240
295
290
283
221
235
324
201
255
273
291
293
335
255
296
321
214
215
294
348
282
295
245
204
289
333
290
321
764
222
293
293
203
241
264
207
452
223
240
274
218
408
226
226
477
206
289
309
351
368
308
348
212
209
279
214
230
204
230
231
232
239
223
257
315
259
291
218
359
290
248
265
234
326
302
210
213
264
204
252
212
281
309
231
341
228
251
362
227
342
225
271
483
201
276
338
253
318
235
446
287
287
258
297
211
256
216
226
245
256
221
311
238
246
242
243
205
247
216
210
326
230
219
202
243
284
920
814
599
504
810
785
492
828
1062
939
1195
771
1069
715
905
729
615
712
640
620
1016
1125
996
575
373
812
657
1109
706
472
767
1023
982
532
855
972
945
1033
689
667
1404
784
1035
807
690
814
722
1056
599
898
437
841
986
204
664
1224
790
712
1164
933
595
766
869
674
611
1106
651
707
680
830
1092
456
851
324
652
551
783
665
873
935
709
458
1307
580
883
1243
850
723
843
696
1460
585
1137
653
1225
753
807
791
697
722
765
582
696
859
841
479
680
842
805
700
566
794
1131
743
1395
809
593
999
695
864
708
933
1026
955
422
899
830
829
674
1497
537
670
706
884
835
988
722
665
690
749
787
1114
634
728
518
781
903
649
914
845
1120
825
707
704
913
773
837
441
658
701
730
874
801
724
634
782
913
571
641
757
878
691
765
1163
667
669
490
796
733
791
782
954
849
820
778
705
1048
679
1228
468
518
692
981
941
736
1011
665
764
536
992
778
927
766
982
514
838
847
698
624
820
650
642
522
834
573
596
803
908
348
702
682
622
703
1005
577
646
605
969
742
732
529
790
695
475
529
666
873
763
689
599
504
284
647
402
