EVALUE HITS
0.0 2
1.39504323761208E-154 3
2.244693925138E-137 4
2.80543975063121E-137 5
3.11541108679832E-133 6
1.02050537173426E-126 7
1.1551176514443E-125 8
1.57349687701135E-120 9
4.57194314308884E-119 10
5.88610095212931E-117 11
5.43224930979508E-116 12
1.18160450875232E-115 13
6.19134073066376E-115 14
2.82938604942949E-114 15
1.66549285039393E-109 16
3.99377968265461E-108 17
9.34007245771944E-107 18
9.68837352232426E-105 19
2.27016430860734E-104 20
1.06841840057745E-103 21
7.42364425692489E-103 22
4.63766492177096E-102 23
1.67606550086306E-100 24
7.94142291225978E-100 25
1.08182748770544E-99 26
1.95622918099745E-98 27
2.20627135829431E-98 28
6.4306724424465E-98 29
2.9510257214057E-96 30
5.49490742082141E-96 31
9.75495496492139E-96 32
2.14397316809091E-94 33
3.14328013290502E-94 34
4.15676775788823E-94 35
2.10054527945644E-93 36
7.94705687655401E-93 37
9.58224602838706E-93 38
6.93944302805958E-92 39
5.17164876161092E-91 40
6.1327858513651E-91 41
4.50732745502738E-89 42
7.60669332296363E-88 43
8.3965722442347E-88 44
9.3391751386272E-87 45
9.61607420430026E-86 46
1.33173662041754E-84 47
3.79914361842194E-84 48
4.16094403129842E-84 49
9.31885985594397E-84 50
1.12327391662163E-83 51
5.84571939314539E-83 52
1.16995581359286E-82 53
1.85940891205605E-81 54
3.59347896235959E-81 55
3.75607871416541E-80 56
7.7872117217885E-80 57
8.89937224472776E-80 58
1.83249781702135E-79 59
6.16135031892841E-78 60
3.33599281028863E-77 61
4.33000743278746E-77 62
5.35448043316149E-77 63
9.3052083548672E-77 64
3.98782700169355E-76 65
1.07525798486329E-75 66
1.70673018556304E-75 67
2.47065098618933E-75 68
4.55634916426112E-75 69
2.72057681081257E-74 70
3.04476251769542E-74 71
3.63192114763692E-74 72
9.62611467026929E-74 73
1.75834902131324E-73 74
2.08764807052469E-73 75
3.36524245028079E-73 76
5.58314816297253E-73 77
1.50909123503944E-72 78
1.5556063287382E-72 79
2.39247405407361E-72 80
3.87576415411692E-72 81
1.61778685178083E-71 82
2.33246853962425E-71 83
2.75075327015923E-71 84
3.44865809611101E-71 85
4.09862711586712E-71 86
1.70385255968983E-70 87
1.83391803702974E-70 88
2.27507412838052E-70 89
3.78261168738477E-70 90
3.80788533351746E-70 91
3.94722555449443E-70 92
7.90338723483718E-70 93
9.78700161256692E-69 94
2.75447412107001E-68 95
2.46229329580344E-67 96
7.54204107052764E-67 97
1.24743394699054E-66 98
2.31426930926542E-66 99
3.77489056763296E-66 100
1.16199887280103E-65 101
1.28102634601214E-65 102
1.44064691274113E-65 103
1.85930229035642E-65 104
2.04273060216037E-65 105
2.83610564338947E-65 106
3.78486145933397E-65 107
4.42387112909356E-65 108
1.04494818084852E-64 109
1.0450971115044E-64 110
3.18957171084472E-64 111
6.31510709264597E-64 112
6.41300271476901E-64 113
7.30913432298171E-64 114
1.25584364731973E-63 115
1.62441362263527E-63 116
1.76055418487903E-63 117
2.93827708372472E-63 118
4.16954530462607E-63 119
5.74375637783152E-63 120
8.10636952161254E-63 121
1.12227067798903E-62 122
1.47802456531357E-62 123
2.78350813955143E-62 124
3.74224024965603E-62 125
3.91764789491913E-62 126
5.81437563520235E-62 127
1.02164919178107E-61 128
2.38706149266613E-61 129
2.8029489175728E-61 130
3.14318134498518E-61 131
5.00302052753618E-61 132
6.87349820350405E-61 133
6.95396473062677E-61 134
1.26140941038969E-60 135
2.05404410841978E-60 136
2.35677393911084E-60 137
3.00544945708534E-60 138
4.39406401226387E-60 139
6.28204652937871E-60 140
6.61932038440936E-60 141
1.08093932465366E-59 142
1.65262553472694E-59 143
2.23597257759799E-59 144
9.83766452096706E-59 145
9.88430889471607E-59 146
1.23466159543115E-58 147
1.33024673764982E-58 148
1.40000029823631E-58 149
2.17064456323115E-58 150
2.8341092375489E-58 151
5.42761374103228E-58 152
1.04528417855945E-57 153
1.19692658682291E-57 154
1.32711516707617E-57 155
2.7604612093584E-57 156
5.44612436084281E-57 157
5.46358712493951E-57 158
5.78583879767707E-57 159
9.4545634539856E-57 160
1.21934427616959E-56 161
2.05001926147577E-56 162
2.99883995877424E-56 163
3.60747089421929E-56 164
3.77241263936411E-56 165
4.02344648636872E-56 166
7.91381068057456E-56 167
1.01883366757319E-55 168
1.3230833682437E-55 169
1.59452284021626E-55 170
2.90171772563822E-55 171
3.1553807560568E-55 172
3.69997319521848E-55 173
4.66260268273373E-55 174
1.29665315796516E-54 175
1.45100635991305E-54 176
1.96323684814797E-54 177
2.0080746423542E-54 178
2.2447354359461E-54 179
3.31464416713527E-54 180
4.20157307152065E-54 181
4.74471710395015E-54 182
9.46274749618571E-54 183
1.53197537708884E-53 184
3.74028372493847E-53 185
8.67536906008205E-53 186
9.07090877666866E-53 187
1.33164936902332E-52 188
2.41481725640836E-52 189
3.05979237379487E-52 190
3.37678964739655E-52 191
4.52305202827031E-52 192
4.75381289332737E-52 193
6.5798136228028E-52 194
8.01501722713714E-52 195
9.01007193718388E-52 196
1.17829319396056E-51 197
1.24966382391941E-51 198
2.27207929293321E-51 199
2.55225540486026E-51 200
3.08417339813325E-51 201
4.00466750201001E-51 202
5.02825750196352E-51 203
5.85089709268335E-51 204
8.93679596009297E-51 205
8.95268804888962E-51 206
1.20878270171392E-50 207
1.65756550108673E-50 208
2.59263763799878E-50 209
6.89733631533954E-50 210
7.97066171890907E-50 211
7.98930634752949E-50 212
1.33739033983908E-49 213
1.71724524640366E-49 214
1.97722352726371E-49 215
4.48817911678011E-49 216
5.60042591244921E-49 217
7.14787411442198E-49 218
7.46227429669351E-49 219
1.06801179067187E-48 220
1.39385175577063E-48 221
1.50123299874216E-48 222
2.06525710298911E-48 223
2.08712589047595E-48 224
2.60084339440478E-48 225
4.08561910704479E-48 226
5.53624659455924E-48 227
5.77576048219514E-48 228
9.59422717184849E-48 229
1.03076936986434E-47 230
1.51974233113195E-47 231
1.96558250490269E-47 232
3.76050569116542E-47 233
4.49927853332465E-47 234
5.02858404073691E-47 235
5.36284239258502E-47 236
6.15793201674176E-47 237
9.61470064416679E-47 238
9.98187777353495E-47 239
1.16521469380433E-46 240
1.94173789086666E-46 241
2.19765291996476E-46 242
2.64837781750201E-46 243
3.53923062580629E-46 244
4.81117569035999E-46 245
5.54708500116165E-46 246
5.69150943080461E-46 247
6.04462703379808E-46 248
9.32672972405199E-46 249
1.32720726538615E-45 250
1.78637408089329E-45 251
2.06628699363906E-45 252
2.12295637353194E-45 253
2.78635892043274E-45 254
3.71045932623695E-45 255
5.40293343906531E-45 256
5.51474178880995E-45 257
7.35234105629824E-45 258
1.36572711653082E-44 259
1.59205561369939E-44 260
3.34274017757792E-44 261
5.25272657215392E-44 262
5.86254405201471E-44 263
1.05517935121673E-43 264
1.06501521851525E-43 265
1.06934498239369E-43 266
1.45317189970703E-43 267
1.4643911983085E-43 268
1.61023153501519E-43 269
1.9445190140837E-43 270
2.63796104626164E-43 271
3.11016072584926E-43 272
3.70184723234968E-43 273
4.71511964122878E-43 274
7.19542737125702E-43 275
9.81693281451326E-43 276
9.94293266913966E-43 277
1.19601210470352E-42 278
1.292997663118E-42 279
2.20926796112601E-42 280
2.87565665683367E-42 281
4.27932234730279E-42 282
4.89887997691937E-42 283
6.82795243565941E-42 284
8.02056289408548E-42 285
8.40607209627862E-42 286
2.18671200390991E-41 287
2.52751422814307E-41 288
2.80154734298853E-41 289
4.01945944736491E-41 290
4.12904063615463E-41 291
6.60890888494738E-41 292
7.27784059201932E-41 293
9.1607833531383E-41 294
9.70804796694977E-41 295
1.21432258312488E-40 296
1.32452462668354E-40 297
1.61083459730752E-40 298
1.98199489823046E-40 299
2.0752379911285E-40 300
3.24261219248511E-40 301
4.24837705488399E-40 302
4.94593759717618E-40 303
5.72996263533086E-40 304
6.18078004120236E-40 305
6.25071049014271E-40 306
7.95013027647921E-40 307
9.9471738535633E-40 308
1.02727820976098E-39 309
1.27542140761078E-39 310
1.73477010884501E-39 311
1.75869106616999E-39 312
1.95617365643225E-39 313
2.21524571912102E-39 314
3.32471963825346E-39 315
3.4808002419046E-39 316
3.79250690714461E-39 317
3.98773763586255E-39 318
5.05191801507449E-39 319
5.73352403212597E-39 320
6.57853827017257E-39 321
8.12668898656854E-39 322
1.034145917022E-38 323
1.39782306379339E-38 324
2.07564340425451E-38 325
2.49716239450222E-38 326
3.67980393300819E-38 327
4.39314296294042E-38 328
4.59378994210572E-38 329
5.44208892069604E-38 330
5.83873775643524E-38 331
8.173572322751E-38 332
8.6201783545111E-38 333
1.32560861543004E-37 334
2.12788576699334E-37 335
3.08700776094988E-37 336
3.8921788778678E-37 337
3.92216394875695E-37 338
4.61912211950763E-37 339
5.57820111831929E-37 340
6.32639482843983E-37 341
6.72419528844853E-37 342
8.07311903667129E-37 343
9.49681055581299E-37 344
1.06559057254559E-36 345
1.40994915487844E-36 346
1.77822186939105E-36 347
1.82771065997476E-36 348
2.0265807362124E-36 349
2.42109389001925E-36 350
2.45041184420738E-36 351
2.71179243034239E-36 352
2.82467221012713E-36 353
3.14214325222309E-36 354
3.34847570380725E-36 355
3.37798145395141E-36 356
3.42451145959288E-36 357
3.51268631094184E-36 358
4.09457822945921E-36 359
5.19562962086382E-36 360
5.2169828014218E-36 361
5.30676046858499E-36 362
5.37607630089387E-36 363
6.38214223465965E-36 364
9.23853295494794E-36 365
9.99809101199198E-36 366
2.0402702134246E-35 367
2.24244912904274E-35 368
2.36206058658186E-35 369
2.40523602029016E-35 370
2.84105433351871E-35 371
3.44612353659036E-35 372
4.25064606918204E-35 373
4.51647761244009E-35 374
4.79607118297983E-35 375
5.42472957629088E-35 376
5.77663792403325E-35 377
5.90173298129152E-35 378
7.82972464461201E-35 379
1.13752855535264E-34 380
1.25881615933833E-34 381
1.34326632088727E-34 382
1.49854847163252E-34 383
1.51394749155466E-34 384
1.9615745018036E-34 385
2.20060551834187E-34 386
2.22971303649812E-34 387
2.46827394757626E-34 388
2.91322793799831E-34 389
2.93772066956494E-34 390
4.49317115951361E-34 391
4.87698017462156E-34 392
6.05666302182216E-34 393
6.52010442857742E-34 394
6.78900022671251E-34 395
7.04168990002131E-34 396
7.15769406962491E-34 397
8.50301489914869E-34 398
1.24528038879678E-33 399
1.26047816258038E-33 400
1.26146690322504E-33 401
1.30781018587126E-33 402
1.4171921069731E-33 403
1.42920754486551E-33 404
1.43533085613362E-33 405
2.36478278024628E-33 406
2.61960573174849E-33 407
2.91616481286451E-33 408
3.61220142191996E-33 409
4.81275856991932E-33 410
5.44834158442576E-33 411
6.00131274789329E-33 412
7.01644398313225E-33 413
7.23585772482022E-33 414
1.0198605322802E-32 415
1.19112403510077E-32 416
1.54552142385003E-32 417
1.83127866386988E-32 418
1.84996472430067E-32 419
2.06002420635495E-32 420
2.27872348567202E-32 421
2.33398366556755E-32 422
4.16631181863975E-32 423
4.29174930408272E-32 424
4.51265387215241E-32 425
4.5834778344549E-32 426
6.4181904624067E-32 427
6.62055637706106E-32 428
7.06227223272654E-32 429
7.82583058228554E-32 430
7.97745314843745E-32 431
8.00617622059171E-32 432
8.13453211926781E-32 433
9.64590559759259E-32 434
1.0110939704307E-31 435
1.01537977252041E-31 436
1.06741152841256E-31 437
1.59134857848586E-31 438
1.6972276479029E-31 439
2.46239135001883E-31 440
4.66277266876741E-31 441
4.79737790793377E-31 442
5.11839492331093E-31 443
5.64199950595645E-31 444
5.75202084894805E-31 445
6.11889527651574E-31 446
8.15241956436419E-31 447
8.64907578787355E-31 448
8.80379504404609E-31 449
9.58802810315906E-31 450
9.72783852603828E-31 451
1.0173125008754E-30 452
1.31962893694425E-30 453
1.46235411909714E-30 454
1.60451676250707E-30 455
1.62136168138207E-30 456
1.67655489852307E-30 457
1.69625366714867E-30 458
1.78683804976356E-30 459
1.82810620536727E-30 460
1.86042683900175E-30 461
2.14626941801209E-30 462
2.46148923749453E-30 463
2.51543123580328E-30 464
2.53712701721849E-30 465
2.53899384403605E-30 466
2.54099314553959E-30 467
3.13624682455941E-30 468
3.65017029425245E-30 469
3.7261074554845E-30 470
4.00879650907441E-30 471
4.23007920817069E-30 472
4.65387044585235E-30 473
5.57056046520529E-30 474
7.3046805565598E-30 475
7.40310874723214E-30 476
7.68498677980031E-30 477
1.02047892331559E-29 478
1.38331444362567E-29 479
1.45856649920987E-29 480
1.59125876635535E-29 481
1.62626856193089E-29 482
1.63522392843737E-29 483
1.66770158072138E-29 484
2.4223998667022E-29 485
2.46690603913935E-29 486
2.54357940407392E-29 487
2.71813986967105E-29 488
2.83228392832061E-29 489
3.09412465893287E-29 490
3.52500681354975E-29 491
4.05428064192458E-29 492
4.49068549341931E-29 493
4.65470408489472E-29 494
4.86135110863754E-29 495
4.92018177864598E-29 496
6.22713673163198E-29 497
9.42194090992327E-29 498
9.79918846048972E-29 499
1.0234737828625E-28 500
1.02627169188244E-28 501
1.12267122100907E-28 502
1.22366956073304E-28 503
1.27661729232882E-28 504
1.65734259555772E-28 505
1.9162180686097E-28 506
2.01418321345076E-28 507
2.23440286650069E-28 508
2.33068624875901E-28 509
2.86777406326067E-28 510
2.87297274439356E-28 511
2.99152898225894E-28 512
3.14833234832156E-28 513
3.61757583765437E-28 514
4.87507744343548E-28 515
5.32287534641717E-28 516
6.20834210359399E-28 517
6.8350084772753E-28 518
7.00452445815493E-28 519
8.13105609828139E-28 520
8.31049374402521E-28 521
8.31533050103163E-28 522
9.89512638480957E-28 523
1.15481178990904E-27 524
1.20065837408206E-27 525
1.45826165684637E-27 526
1.55013495154537E-27 527
2.03850195421308E-27 528
2.39409653597405E-27 529
2.40331770664291E-27 530
3.10200839731498E-27 531
3.2061348275314E-27 532
3.27797073560652E-27 533
3.27980476319371E-27 534
3.723378407814E-27 535
3.75170604414809E-27 536
3.78361309179219E-27 537
3.85892692575867E-27 538
3.93654544266645E-27 539
3.98513264326445E-27 540
5.27756076078714E-27 541
5.8533409405422E-27 542
5.92588175590802E-27 543
6.09120769575389E-27 544
6.46691966729904E-27 545
9.32308880692623E-27 546
9.3286652671885E-27 547
1.22676829895212E-26 548
1.23997725185226E-26 549
1.29900917988561E-26 550
1.39175816096524E-26 551
1.46622611832079E-26 552
1.74536588536159E-26 553
1.75132902557985E-26 554
1.7870128545714E-26 555
1.85228939986387E-26 556
2.09521052474655E-26 557
2.10661094341643E-26 558
2.23196314485584E-26 559
2.23475284462964E-26 560
2.72165807515639E-26 561
2.87802381249774E-26 562
3.07084239978849E-26 563
3.17616591794909E-26 564
3.76092331996228E-26 565
4.46604433695022E-26 566
4.96614107693355E-26 567
4.96773305865511E-26 568
5.36777600010947E-26 569
6.50901310284428E-26 570
6.62753641508353E-26 571
6.97991616944426E-26 572
7.24044856413837E-26 573
7.70614541125563E-26 574
7.97924633257619E-26 575
8.34712149597625E-26 576
8.34917016091888E-26 577
9.37077617910084E-26 578
1.4283483680912E-25 579
1.46347563243303E-25 580
1.93827890857372E-25 581
1.93895793311473E-25 582
1.98796333106373E-25 583
2.05936161051266E-25 584
2.16461036245195E-25 585
2.28333605581095E-25 586
2.45555701984429E-25 587
2.5498335005318E-25 588
2.94763022566805E-25 589
3.7122723530844E-25 590
3.82265228509392E-25 591
4.23156368980658E-25 592
4.63353227513342E-25 593
4.66501444448039E-25 594
5.30310644146806E-25 595
6.38129181902723E-25 596
7.00021501180982E-25 597
7.00248030850489E-25 598
8.36176193178903E-25 599
1.01744260705465E-24 600
1.03843622058826E-24 601
1.10360563266928E-24 602
1.37411160780248E-24 603
1.47260873705076E-24 604
1.5996457844639E-24 605
1.97891813763695E-24 606
2.0774258339673E-24 607
2.29021701739555E-24 608
2.68209164031702E-24 609
2.74456143485527E-24 610
2.78364148886716E-24 611
2.92633255691118E-24 612
3.14583839256349E-24 613
3.61163430479743E-24 614
3.7813367020532E-24 615
4.6124048325927E-24 616
5.00470347636856E-24 617
6.05617314685931E-24 618
6.20291027473482E-24 619
6.25972767339697E-24 620
6.40380952891923E-24 621
6.75059485244695E-24 622
7.6303864847435E-24 623
7.81385243269068E-24 624
7.84948590884456E-24 625
7.93991145392339E-24 626
9.79264817041262E-24 627
1.15908594114462E-23 628
1.21451317416069E-23 629
1.22691537550103E-23 630
1.49161116527374E-23 631
1.50099483001556E-23 632
1.51299994748566E-23 633
1.77710346442588E-23 634
1.79252528761677E-23 635
1.81691040523782E-23 636
2.31317579840579E-23 637
2.3576442041278E-23 638
2.41587553504479E-23 639
2.52827868195126E-23 640
2.59974136804124E-23 641
2.84166356720327E-23 642
2.9735143166497E-23 643
3.01502087208042E-23 644
3.11951960654701E-23 645
4.75978973381674E-23 646
4.80053772207589E-23 647
7.43792079144583E-23 648
7.47217143007434E-23 649
7.53433096161338E-23 650
7.72891379912088E-23 651
7.90547219641564E-23 652
7.98336215879177E-23 653
8.49409932128114E-23 654
8.80875699827999E-23 655
9.46687396422809E-23 656
9.65690026954886E-23 657
9.66074867495126E-23 658
1.09726822909671E-22 659
1.10102977742368E-22 660
1.11351184655969E-22 661
1.13059637716626E-22 662
1.2830442649466E-22 663
1.37528041682829E-22 664
1.45486268196303E-22 665
1.49740249541245E-22 666
1.75050040367431E-22 667
2.07253807816422E-22 668
2.29778884038256E-22 669
2.53982197302442E-22 670
2.57996903350022E-22 671
2.59687231346379E-22 672
2.59740728229246E-22 673
2.64678542159643E-22 674
2.65084800755515E-22 675
2.95373510652838E-22 676
3.09843441992655E-22 677
4.1148399858275E-22 678
4.24898068544978E-22 679
5.03512627579449E-22 680
5.16578711772109E-22 681
5.79298039166147E-22 682
5.8078898629612E-22 683
7.04181439856579E-22 684
7.43635888563482E-22 685
7.50107042327091E-22 686
7.8008091326287E-22 687
8.50840994161533E-22 688
9.39092249811675E-22 689
1.24640135287537E-21 690
1.25600885548635E-21 691
1.27662160083356E-21 692
1.40482521201748E-21 693
1.42984250507499E-21 694
1.4626795987618E-21 695
1.69881754590143E-21 696
1.83300050011131E-21 697
1.90808356194671E-21 698
2.01520384515396E-21 699
2.24079775005612E-21 700
2.64307202814384E-21 701
3.63992486569103E-21 702
4.58701217911361E-21 703
4.7621191147473E-21 704
4.81989376756245E-21 705
5.42399290287023E-21 706
5.50918038751987E-21 707
6.11276780401231E-21 708
7.76798396231138E-21 709
7.77186301043101E-21 710
1.0124008231275E-20 711
1.07171038639676E-20 712
1.08326856526341E-20 713
1.3423364541808E-20 714
1.34377061796826E-20 715
1.39498167471061E-20 716
1.39816102195608E-20 717
1.87414180512492E-20 718
2.04645247301461E-20 719
2.05730699747266E-20 720
2.20540483929789E-20 721
2.43602987481493E-20 722
2.48668514468575E-20 723
2.53959563110994E-20 724
2.63120367375591E-20 725
3.07727801382572E-20 726
3.16474404957428E-20 727
3.25158283341359E-20 728
3.33761838595147E-20 729
3.99929883327178E-20 730
4.00212984113692E-20 731
4.03305447928706E-20 732
5.00805482763886E-20 733
5.01676521583462E-20 734
5.21972166139938E-20 735
5.64351051641738E-20 736
5.77657399220246E-20 737
5.94618636990096E-20 738
6.06753361483113E-20 739
6.50781801459971E-20 740
6.87178262551322E-20 741
8.13154143636057E-20 742
8.25391654706621E-20 743
8.83717222662512E-20 744
9.99327817496537E-20 745
1.00328249875132E-19 746
1.17298074971167E-19 747
1.18872735127345E-19 748
1.37443543019151E-19 749
1.37718949475005E-19 750
1.45985800066746E-19 751
1.46331798899394E-19 752
1.52496681092494E-19 753
1.65500354801654E-19 754
2.40101622052476E-19 755
2.58881590192067E-19 756
2.76508564208386E-19 757
3.01931076238473E-19 758
3.28646160512538E-19 759
3.40232952525903E-19 760
4.22101414070916E-19 761
5.71779818337134E-19 762
5.81089359005509E-19 763
5.8166146503853E-19 764
7.34018328726991E-19 765
7.49407079282137E-19 766
7.81391329851599E-19 767
7.87168472627759E-19 768
7.92352202699658E-19 769
8.03530520318268E-19 770
9.85554834629321E-19 771
1.32036496333699E-18 772
1.39014408252712E-18 773
1.4545173406872E-18 774
1.47254954266809E-18 775
1.61788761900236E-18 776
1.63887520380105E-18 777
1.74820309252522E-18 778
1.95302896552506E-18 779
2.16134264224851E-18 780
2.68728969530371E-18 781
2.79011090548573E-18 782
3.14749792979459E-18 783
3.20052007498198E-18 784
3.56032185155702E-18 785
4.22131875536915E-18 786
4.3830535940341E-18 787
4.5889132801376E-18 788
5.2630641311797E-18 789
5.46019565545988E-18 790
6.10251881871327E-18 791
6.35569208855293E-18 792
6.38834064736352E-18 793
6.39832064673445E-18 794
7.2129552377207E-18 795
8.35715487638329E-18 796
9.2937402002884E-18 797
9.35709868185993E-18 798
9.50198615370963E-18 799
1.35928556160427E-17 800
1.45342379449848E-17 801
1.52325390676478E-17 802
1.747862893749E-17 803
1.76310014407789E-17 804
1.98366797753476E-17 805
2.13179846471509E-17 806
2.38366849322423E-17 807
2.69585468941216E-17 808
3.25118202500553E-17 809
3.56509926795148E-17 810
3.93919128289766E-17 811
4.01955827610328E-17 812
4.02463142248191E-17 813
4.32909388802466E-17 814
4.91043958406563E-17 815
5.09081406568488E-17 816
6.87467589238283E-17 817
8.60886434273101E-17 818
8.7879909170857E-17 819
9.36256412936085E-17 820
1.19113878674978E-16 821
1.21631408166644E-16 822
1.23958813964233E-16 823
1.36209233159307E-16 824
1.45882823130499E-16 825
2.01635577273067E-16 826
2.06731973126443E-16 827
2.25356421045618E-16 828
2.57303031888414E-16 829
2.7029348269064E-16 830
2.74809931885759E-16 831
2.76084053628237E-16 832
2.76628741063134E-16 833
3.33423636892238E-16 834
3.35411010100767E-16 835
3.45736500107203E-16 836
3.51087526976556E-16 837
3.57612462806254E-16 838
3.61345176642973E-16 839
5.08416191115132E-16 840
5.41827347929198E-16 841
5.4297212153951E-16 842
5.46087084733941E-16 843
5.59151701472791E-16 844
6.00591813218099E-16 845
6.02161951451553E-16 846
6.09518092350309E-16 847
6.88760845372266E-16 848
7.79625830222396E-16 849
7.84341112508557E-16 850
8.01393906568899E-16 851
8.1295822539989E-16 852
9.38932916414651E-16 853
9.47110040949043E-16 854
1.03913653144177E-15 855
1.0448696346095E-15 856
1.06606936843905E-15 857
1.07426035940411E-15 858
1.26822978414293E-15 859
1.33346358693274E-15 860
1.63969529765299E-15 861
1.76096177655973E-15 862
1.79978487633582E-15 863
2.02157756673936E-15 864
2.0661567288217E-15 865
2.19866138303759E-15 866
3.51605942939421E-15 867
3.55988222894998E-15 868
3.66791256870107E-15 869
3.67907338481232E-15 870
3.70766108507131E-15 871
3.90470487161455E-15 872
3.90871662809895E-15 873
3.909859350415E-15 874
3.94531022253963E-15 875
5.04743243421852E-15 876
5.06178544642759E-15 877
5.1239484150284E-15 878
5.24451007605395E-15 879
5.70579232501807E-15 880
5.75270518843127E-15 881
6.27086366170424E-15 882
6.40364306660082E-15 883
6.46463483986512E-15 884
6.71790139061055E-15 885
8.58602082085006E-15 886
8.81692793365549E-15 887
8.8824026730343E-15 888
9.10980049344285E-15 889
1.05579340086336E-14 890
1.10128800249141E-14 891
1.13229616753788E-14 892
1.1473153411257E-14 893
1.49300741189728E-14 894
1.57797982459672E-14 895
1.58211628237219E-14 896
1.94577677937958E-14 897
1.95461006774222E-14 898
2.05543558789081E-14 899
2.18359988941905E-14 900
2.4239399209011E-14 901
2.54455317581719E-14 902
2.61465937300192E-14 903
2.6802336583399E-14 904
2.72587586533678E-14 905
3.03769056615829E-14 906
3.22895806579171E-14 907
3.32261524551736E-14 908
3.3289963340346E-14 909
3.34735684904059E-14 910
3.37526001220825E-14 911
4.28583809804413E-14 912
4.92829450965718E-14 913
5.26334532807436E-14 914
5.69288479569015E-14 915
6.02788429881472E-14 916
6.08123448629206E-14 917
6.57410240513124E-14 918
6.72245724359378E-14 919
7.23154391468998E-14 920
7.37367561590391E-14 921
7.86123221808557E-14 922
7.94728864625877E-14 923
9.28144312490993E-14 924
9.60951458567928E-14 925
9.81669440691755E-14 926
1.02608200728966E-13 927
1.08293323928617E-13 928
1.43754594725117E-13 929
1.60771780762339E-13 930
1.65787404660982E-13 931
1.65987644260453E-13 932
1.68152326695948E-13 933
1.68710095331454E-13 934
1.73034329952606E-13 935
1.74777090420266E-13 936
1.780043684477E-13 937
1.78342341155089E-13 938
1.7855069699484E-13 939
1.79583401253344E-13 940
2.00658065269722E-13 941
2.01371800105869E-13 942
2.13110661782854E-13 943
2.3858515840809E-13 944
2.39381855597991E-13 945
2.54612009481658E-13 946
2.87064548061755E-13 947
3.03259558759876E-13 948
3.10470469845601E-13 949
3.46771404564386E-13 950
3.49716988244539E-13 951
3.52592458813571E-13 952
3.56782396124291E-13 953
3.57216447903529E-13 954
3.75593364667459E-13 955
4.39710154206459E-13 956
4.43555581461117E-13 957
4.49858104653658E-13 958
4.66287643412616E-13 959
4.74554969224274E-13 960
4.8739363971657E-13 961
5.11379702183987E-13 962
5.90716129185499E-13 963
6.17452875961056E-13 964
6.2520513996405E-13 965
6.29677052146585E-13 966
6.37864005596831E-13 967
7.49157960159081E-13 968
8.55773336750138E-13 969
9.40270693175212E-13 970
1.06580273894377E-12 971
1.07253320626925E-12 972
1.19873002500895E-12 973
1.30158543324468E-12 974
1.31410025260692E-12 975
1.37233319483825E-12 976
1.39288522975912E-12 977
1.42704056629841E-12 978
1.53026878926737E-12 979
1.55086718595932E-12 980
1.83938743894823E-12 981
1.85186789654508E-12 982
1.90678860948371E-12 983
1.94387516698467E-12 984
2.07091783887165E-12 985
2.10024977080857E-12 986
2.30127967097325E-12 987
2.30646266464254E-12 988
2.39229831334378E-12 989
2.39573537653759E-12 990
2.40840663717063E-12 991
2.5601264617791E-12 992
2.57096800003502E-12 993
2.66242381765104E-12 994
2.70834796950254E-12 995
2.71169107869995E-12 996
2.81706897581233E-12 997
3.30377038338356E-12 998
3.58856025000475E-12 999
3.71893284285611E-12 1000
3.98030905569327E-12 1001
3.99667021496042E-12 1002
4.06458940177218E-12 1003
4.13590728482305E-12 1004
4.19431807035268E-12 1005
4.34413558374482E-12 1006
4.34784488239406E-12 1007
4.41758377906864E-12 1008
4.55452717213053E-12 1009
4.67997595218299E-12 1010
4.81947038945037E-12 1011
5.1642533976035E-12 1012
6.48846956730831E-12 1013
6.6597864229714E-12 1014
7.14896766642849E-12 1015
7.22187110307076E-12 1016
7.82040431667461E-12 1017
8.40956385393669E-12 1018
9.12962601661631E-12 1019
9.3849542293122E-12 1020
1.01724077133228E-11 1021
1.10493271097412E-11 1022
1.1840584021075E-11 1023
1.18738462274558E-11 1024
1.28461728459662E-11 1025
1.36593588330747E-11 1026
1.4204838962109E-11 1027
1.55278444912766E-11 1028
1.55287047455461E-11 1029
1.56667105920786E-11 1030
1.56976561517642E-11 1031
1.70079970327281E-11 1032
1.76998245220411E-11 1033
1.95339093366728E-11 1034
2.5089954455593E-11 1035
2.59019039222995E-11 1036
2.87295593702778E-11 1037
3.05849220813761E-11 1038
3.19984178374193E-11 1039
3.41101053960407E-11 1040
3.46751188738706E-11 1041
3.47012729908731E-11 1042
3.49289784484221E-11 1043
3.74591589556918E-11 1044
3.7955215586631E-11 1045
3.91122129570637E-11 1046
3.92031436976124E-11 1047
4.31654107454478E-11 1048
4.44402195652269E-11 1049
4.55619022902071E-11 1050
4.66310192440024E-11 1051
4.80792164731473E-11 1052
5.35862035488399E-11 1053
5.84825407353702E-11 1054
5.8692545742983E-11 1055
6.19023370252055E-11 1056
6.45694228312706E-11 1057
6.53889251830173E-11 1058
6.56416263013284E-11 1059
7.22056154463931E-11 1060
7.26894916541907E-11 1061
8.08402267388953E-11 1062
8.63414286139399E-11 1063
9.52889233605987E-11 1064
1.02025817287785E-10 1065
1.13781019078525E-10 1066
1.26206412246523E-10 1067
1.29961732430751E-10 1068
1.3189708327929E-10 1069
1.44495417781138E-10 1070
1.76342548989541E-10 1071
1.76800959701003E-10 1072
1.78622072129544E-10 1073
1.91290156476513E-10 1074
1.99663027166133E-10 1075
2.05632956680055E-10 1076
2.23031435908363E-10 1077
2.48683542134916E-10 1078
2.52325581106405E-10 1079
2.93891922416529E-10 1080
3.10294405833806E-10 1081
4.23659512488563E-10 1082
5.68389640769215E-10 1083
6.67648204455716E-10 1084
6.8457062477855E-10 1085
6.93764394747912E-10 1086
7.12401534871376E-10 1087
8.49818955184321E-10 1088
9.4846929846058E-10 1089
9.63266373619756E-10 1090
1.11247568736006E-9 1091
1.1276009567954E-9 1092
1.24812665323148E-9 1093
1.37362292914685E-9 1094
1.43800506211656E-9 1095
1.45354982914158E-9 1096
1.46503182415206E-9 1097
1.69496747372824E-9 1098
1.76773213976172E-9 1099
1.80637607633661E-9 1100
1.88284374635518E-9 1101
1.88857866761045E-9 1102
1.91601243498805E-9 1103
2.03250294649791E-9 1104
2.08423349833065E-9 1105
2.23527520201931E-9 1106
2.47478601746483E-9 1107
2.49231027964293E-9 1108
2.49511393873486E-9 1109
3.01307851016786E-9 1110
3.26885419537918E-9 1111
3.26965190455488E-9 1112
3.3774855507073E-9 1113
3.83861392542524E-9 1114
4.06469080174408E-9 1115
4.13492886613235E-9 1116
4.16872161456366E-9 1117
4.2069722254439E-9 1118
4.72095870405023E-9 1119
5.14890289617484E-9 1120
5.47243881144353E-9 1121
5.68913263098398E-9 1122
6.37588877259228E-9 1123
7.04107319151859E-9 1124
7.08193732573033E-9 1125
7.21395979077048E-9 1126
7.2515127586366E-9 1127
7.36680644010886E-9 1128
7.37027920422625E-9 1129
8.03002993304084E-9 1130
8.11260872940554E-9 1131
8.55698050557001E-9 1132
9.31542515903033E-9 1133
9.35835038534087E-9 1134
1.08093950649647E-8 1135
1.08715935960465E-8 1136
1.16773589163308E-8 1137
1.22921403455225E-8 1138
1.24181483878474E-8 1139
1.27570089601598E-8 1140
1.28786579145017E-8 1141
1.32177703653291E-8 1142
1.58060001850247E-8 1143
1.58406303634075E-8 1144
1.60832084339969E-8 1145
1.62323582576364E-8 1146
1.62377445248919E-8 1147
1.62850080427513E-8 1148
1.63413965770625E-8 1149
1.70513837675828E-8 1150
2.08751081328828E-8 1151
2.0883250394516E-8 1152
2.11880962118798E-8 1153
2.14829993508763E-8 1154
2.16050315611445E-8 1155
2.1945097349323E-8 1156
2.19523183093128E-8 1157
2.47489453574724E-8 1158
2.54854718623145E-8 1159
2.63015168190393E-8 1160
2.68484243729177E-8 1161
2.71125139308927E-8 1162
2.77812051177114E-8 1163
3.00709577387255E-8 1164
3.54832213614291E-8 1165
3.6084989126853E-8 1166
3.66823007055285E-8 1167
4.16370127968855E-8 1168
4.54341174662607E-8 1169
4.77977333346803E-8 1170
4.92714562988103E-8 1171
5.10230646851784E-8 1172
5.59143461704453E-8 1173
5.89481007774877E-8 1174
6.01665120200082E-8 1175
6.04428647209392E-8 1176
6.04473773021707E-8 1177
6.05199450976566E-8 1178
6.06639468816839E-8 1179
6.09891826199538E-8 1180
6.16479221173371E-8 1181
6.24217711292909E-8 1182
6.28367381425655E-8 1183
6.43822455620028E-8 1184
6.47534921465729E-8 1185
6.56573596320191E-8 1186
7.11073395247303E-8 1187
7.48290737070744E-8 1188
7.49699473822768E-8 1189
7.60889674399604E-8 1190
7.89059612534338E-8 1191
7.92673829893636E-8 1192
7.96111321890316E-8 1193
8.0819146018882E-8 1194
8.1136359089907E-8 1195
8.22014682530197E-8 1196
8.80356808680368E-8 1197
8.86827160051063E-8 1198
9.60361841508454E-8 1199
1.03263450307986E-7 1200
1.04446744928416E-7 1201
1.04729576715234E-7 1202
1.04821936487529E-7 1203
1.33722896204238E-7 1204
1.35946794154953E-7 1205
1.36208126380906E-7 1206
1.37122812408625E-7 1207
1.38236429028518E-7 1208
1.3862008498457E-7 1209
1.39790341725657E-7 1210
1.45730616133792E-7 1211
1.50071454157431E-7 1212
1.678012550121E-7 1213
1.68246699192415E-7 1214
1.74096705944014E-7 1215
1.74445127359947E-7 1216
1.76101396750541E-7 1217
1.77145043621615E-7 1218
1.80331759945076E-7 1219
1.92575588567762E-7 1220
2.00276496275233E-7 1221
2.11122643513279E-7 1222
2.14569535830142E-7 1223
2.3279843164297E-7 1224
2.33313155941683E-7 1225
2.44510305262963E-7 1226
2.47057443954943E-7 1227
2.49740988611596E-7 1228
2.78991594584923E-7 1229
2.80091682493292E-7 1230
2.844575741364E-7 1231
2.95692675691799E-7 1232
2.99689304185112E-7 1233
3.03044467481025E-7 1235
3.04370957406757E-7 1236
3.14628552220791E-7 1237
3.17531998677524E-7 1238
3.90180487900621E-7 1239
3.94637985591841E-7 1240
4.17812799136695E-7 1241
4.33702969418512E-7 1242
5.09340075799486E-7 1243
5.09591498567242E-7 1244
5.12204709951314E-7 1245
5.20626875637766E-7 1246
5.26108655798234E-7 1247
5.624901668812E-7 1248
6.2212706215985E-7 1249
6.67979029139835E-7 1250
6.96074787580684E-7 1251
7.04308266329736E-7 1252
8.25783089026572E-7 1253
8.69182594097335E-7 1254
8.72954218106681E-7 1255
8.83624635688456E-7 1256
8.87598927649915E-7 1257
8.966550887902E-7 1258
1.01449656818644E-6 1259
1.0357655017387E-6 1260
1.06693540999596E-6 1261
1.11274339665398E-6 1262
1.14023634904671E-6 1263
1.14468438376971E-6 1264
1.1670259787013E-6 1265
1.22941479574229E-6 1266
1.24153150364117E-6 1267
1.36615837329992E-6 1268
1.36958830303326E-6 1269
1.40960766674771E-6 1270
1.4888490144451E-6 1271
1.54701071720175E-6 1272
1.59239270186712E-6 1273
1.62814394960188E-6 1274
1.65095768157084E-6 1275
1.89036106112474E-6 1276
1.93638513469878E-6 1277
1.94927887142238E-6 1278
2.124278531848E-6 1279
2.16313892974947E-6 1280
2.23619950288466E-6 1281
2.23803533390555E-6 1282
2.25122140623975E-6 1283
2.34633511013999E-6 1284
2.37166001732901E-6 1285
2.50101859805544E-6 1286
2.59153766959714E-6 1287
2.60030491205153E-6 1288
2.65687924250443E-6 1289
2.75037953826109E-6 1290
2.96092372061836E-6 1291
3.33406453960917E-6 1292
3.35054920141996E-6 1293
3.47546950903159E-6 1294
3.51763779883034E-6 1295
3.52466226612542E-6 1296
3.57796687561575E-6 1297
3.65912569415362E-6 1298
3.71964730785173E-6 1299
4.33715109463683E-6 1300
4.38538347358374E-6 1301
4.78780180096104E-6 1302
4.8350835573986E-6 1303
4.90486305560804E-6 1304
4.98168072344686E-6 1305
4.99553341858322E-6 1306
5.0261844733747E-6 1307
5.54620284544992E-6 1308
5.65942680223605E-6 1309
5.68983254493458E-6 1310
5.75395284444447E-6 1311
6.47169063663498E-6 1312
7.00129721200916E-6 1313
7.21439842434004E-6 1314
7.4105150526252E-6 1315
7.41920162318942E-6 1316
7.49173010291924E-6 1317
7.54213657452905E-6 1318
7.57161211777591E-6 1319
7.87019331836565E-6 1320
8.53222216657448E-6 1321
9.04441920459685E-6 1322
9.21170087408751E-6 1323
9.31317737188345E-6 1324
9.70838663418056E-6 1325
9.75417465116912E-6 1326
9.86367942958225E-6 1327
1.02447778267557E-5 1328
1.03540015491878E-5 1329
1.05425061458341E-5 1330
1.25554904385812E-5 1331
1.2710121641758E-5 1332
1.35074231795291E-5 1333
1.40727162187946E-5 1334
1.44478131748447E-5 1335
1.50501500829789E-5 1336
1.61903745647653E-5 1337
1.66751909767304E-5 1338
1.68035916747222E-5 1339
1.75276206525516E-5 1340
1.99186545133751E-5 1341
2.04358866099961E-5 1342
2.17652575928606E-5 1343
2.17689792829629E-5 1344
2.19128566549639E-5 1345
2.19739852780114E-5 1346
2.23490681284772E-5 1347
2.26240492234525E-5 1348
2.53113796343431E-5 1349
2.61323584073838E-5 1350
2.8222280059274E-5 1351
2.8411161549953E-5 1352
2.87720953554075E-5 1353
2.89055657294056E-5 1354
2.9659365277756E-5 1355
3.02912562555077E-5 1356
3.13016108795494E-5 1357
3.13725061863027E-5 1358
3.24537118672593E-5 1359
3.48209665459272E-5 1360
3.51124461093241E-5 1361
3.62336921039953E-5 1362
3.67193795221506E-5 1363
3.69123592058241E-5 1364
3.71416046651061E-5 1365
3.74050699258378E-5 1366
3.74278810174685E-5 1367
4.03777653192622E-5 1368
4.08680723009284E-5 1369
4.15230826684545E-5 1370
4.17871394954989E-5 1371
4.23923745407445E-5 1372
4.31662568538433E-5 1373
4.54095655766279E-5 1374
4.64035740295774E-5 1375
4.7102565711739E-5 1376
4.76809742947148E-5 1377
4.77952505016175E-5 1378
4.83150923703092E-5 1379
4.88909669134878E-5 1380
4.90396282973054E-5 1381
5.73220207470749E-5 1382
6.05190773631704E-5 1383
6.23154641804008E-5 1384
7.05187940797688E-5 1385
7.16646069927807E-5 1386
8.1932844701211E-5 1387
8.24199926101159E-5 1388
8.33806200147207E-5 1389
8.37139814679649E-5 1390
9.35092782205522E-5 1391
9.56315899834617E-5 1392
1.03042340459006E-4 1393
1.04856389963683E-4 1394
1.05789729404422E-4 1395
1.07470197170838E-4 1396
1.08024677675368E-4 1397
1.1247675525149E-4 1398
1.14476901395022E-4 1399
1.28963135690085E-4 1400
1.3857146386634E-4 1401
1.40076981893319E-4 1402
1.42659206428094E-4 1403
1.48363606615951E-4 1404
1.53435344538665E-4 1405
1.55027239955866E-4 1406
1.58783516984671E-4 1407
1.68711696634394E-4 1408
1.7461080145845E-4 1409
1.82220538365237E-4 1410
1.82995223663625E-4 1411
1.87111838251525E-4 1412
2.1124434623625E-4 1413
2.1329395238131E-4 1414
2.18040314968063E-4 1415
2.36043106039577E-4 1416
2.38841982399551E-4 1417
2.40444739600645E-4 1418
2.52999833041367E-4 1419
2.57060364566071E-4 1420
2.7021276958614E-4 1421
2.82860684202894E-4 1422
2.85703827314278E-4 1423
2.94775968497791E-4 1424
2.98129896868266E-4 1425
3.02077898185247E-4 1426
3.05309944853917E-4 1427
3.11560732400295E-4 1428
3.13231093298766E-4 1429
3.14289649114327E-4 1430
3.15946144737981E-4 1431
3.26318067869803E-4 1432
3.61935741918178E-4 1433
3.65149401030082E-4 1434
3.83125144983322E-4 1435
4.07886974776097E-4 1436
4.08187099420183E-4 1437
4.09186753613539E-4 1438
4.31413305099547E-4 1439
4.38778361358087E-4 1440
4.61713059222179E-4 1441
4.63718860051851E-4 1442
4.69560689211396E-4 1443
4.82042716082807E-4 1444
4.90145777240913E-4 1445
4.94811014624993E-4 1446
5.31073242390638E-4 1447
5.36840768986941E-4 1448
6.33054561688312E-4 1449
6.36955320788205E-4 1450
6.40112265058294E-4 1451
6.46221035558259E-4 1452
6.53687895123924E-4 1453
6.76514823855553E-4 1454
6.80158901464797E-4 1455
6.85709068339034E-4 1456
7.709712000027E-4 1457
7.71654038683015E-4 1458
8.06070587706288E-4 1459
8.44181332482833E-4 1460
8.95428925816165E-4 1461
9.13689035820289E-4 1462
9.37256990114418E-4 1463
0.00104156720863438 1464
0.00105691164590579 1465
0.00105704956603494 1466
0.00106454128456484 1467
0.00107310303015759 1468
0.00111434212480525 1469
0.00112219857692674 1470
0.00117202006072428 1472
0.00118903337603079 1473
0.00119805516414683 1474
0.00120401358428937 1475
0.00122034433271804 1476
0.00122618678687794 1477
0.00123322137242653 1478
0.00125254080957781 1479
0.00129784492316247 1480
0.001386623547669 1481
0.00138673855791969 1482
0.0014010590790613 1483
0.00140243879888807 1484
0.00142762303612326 1485
0.00144055499507411 1486
0.0014407537766435 1487
0.00149567741388795 1488
0.0015276004335148 1489
0.00153528957994955 1490
0.00154258938580831 1491
0.00154860799555386 1492
0.00155976923859028 1493
0.00159071898703809 1494
0.00166480481872518 1495
0.00175329757792938 1496
0.00179933450104641 1497
0.00189751862591959 1498
0.00194210737718281 1499
0.00200333152001373 1500
0.00201485934518226 1501
0.00204085417962787 1502
0.00204902978854318 1503
0.00205886655711403 1504
0.00215155943304001 1505
0.00221560164822542 1506
0.00223197166151851 1507
0.00223486565276992 1508
0.00227111409482427 1509
0.00227712768633315 1510
0.00239841030834642 1511
0.00248990513896667 1512
0.00259021416905652 1513
0.00260616579924425 1514
0.00264070755043395 1515
0.00264384642097077 1516
0.00268613669192885 1517
0.00281726352610266 1518
0.00289509996302483 1519
0.00306125757816685 1520
0.00321150017755929 1521
0.00327358968113146 1522
0.00336702196698127 1523
0.00338145772589727 1524
0.00340459072697958 1525
0.00340693749315469 1526
0.00350095692782705 1527
0.00350763538491611 1528
0.0036074601871068 1529
0.00361603832403293 1530
0.00397412500802617 1531
0.00397878932050931 1532
0.00415117418039686 1533
0.0041582802102438 1534
0.00417241940294235 1535
0.00431660454239443 1536
0.00432656385674324 1537
0.00435103841242669 1538
0.00444642177776613 1539
0.00446203687778966 1540
0.00447691937593591 1541
0.00448863833262002 1542
0.00449892737754735 1543
0.00450832432995665 1544
0.00455912988601505 1545
0.00456149996605914 1546
0.00473197012906085 1547
0.00473779265908693 1548
0.00484182288921552 1549
0.00492853656692104 1550
0.00509310909420262 1551
0.0051450719591701 1552
0.00530396680220135 1553
0.00532409061850134 1554
0.00534159937209337 1555
0.00560344678399591 1556
0.0058988504677301 1557
0.00590276682979791 1558
0.00590728276339375 1559
0.00593288459046605 1560
0.00593907640983592 1561
0.00595367945928554 1562
0.00595750345160916 1563
0.00597447432810504 1564
0.00599293796882107 1565
0.00599934758325234 1566
0.00602284848781322 1567
0.00606738905252239 1568
0.0061115288218261 1569
0.00628230977405315 1570
0.0062936662564015 1571
0.00640446622210696 1572
0.00668200668355974 1573
0.00675397344427562 1574
0.00696161718076282 1575
0.00703488379302941 1576
0.0071621313319069 1577
0.00744013909495241 1578
0.00761460126583449 1579
0.00764827617359139 1580
0.00767400779674264 1581
0.00771515021690415 1582
0.00781546128187329 1583
0.00784523564926353 1584
0.00816885546693302 1585
0.00924374930647053 1586
0.00926093236855844 1587
0.00934989396445678 1588
0.0095320259342364 1589
0.00957224472874125 1590
0.00962826868782776 1591
0.00969520990437848 1592
0.00971952795678339 1593
0.00990341947282472 1594
0.0100539980097867 1595
0.0100589048259781 1596
0.0104529760818844 1597
0.0106203071028375 1598
0.0114696060421717 1599
0.0114744023154728 1600
0.0118840743688978 1601
0.0122415598491049 1602
0.0122429534282241 1603
0.012602964496179 1604
0.0129128655403662 1605
0.0129342663884877 1606
0.0129889482801004 1607
0.0131078706194083 1608
0.013137336548518 1609
0.0131934671449569 1610
0.0132561124469167 1611
0.0133651520624939 1612
0.0134758721860935 1613
0.0139102725479871 1614
0.0140141788311302 1615
0.0146878850225511 1616
0.0148054738272487 1617
0.0154573186591832 1618
0.0158465861871817 1619
0.0168891785201445 1620
0.0168896018962045 1621
0.0169159871855314 1622
0.017012939545394 1623
0.0171955765944905 1624
0.0171973756297198 1625
0.0172756892756391 1626
0.0174248955924388 1627
0.0178004116325096 1628
0.0179558903089378 1629
0.018756192997748 1630
0.0188208195745446 1631
0.0195953688407949 1632
0.0202296404453566 1633
0.0203646658894031 1634
0.0219605248417621 1635
0.0219877399188645 1636
0.0222253988515804 1637
0.0222550141084965 1638
0.0222749432082167 1639
0.0223939571821396 1640
0.0225167154249987 1641
0.0225516532209731 1642
0.0225982170175269 1643
0.0227365990316463 1644
0.0232378086510172 1645
0.0234534781881696 1646
0.0237511684203099 1647
0.0247873198140572 1648
0.0253573765721388 1649
0.0254888657722552 1650
0.025510637392063 1651
0.0256212830076224 1652
0.0262028802934401 1653
0.0269236627743132 1654
0.0288085751930552 1655
0.0290634184567424 1656
0.0290659485593559 1657
0.0291461035128644 1658
0.0291751165917764 1659
0.0293905589619246 1660
0.0294155014099607 1661
0.0294290558892459 1662
0.0296341960529005 1663
0.0296939146519912 1664
0.0297462577800137 1665
0.0304135043066821 1666
0.0305071972946128 1667
0.0309540351781677 1668
0.0310433788396311 1669
0.031073006642999 1670
0.0311786762791091 1671
0.0312345811907701 1672
0.032236461346511 1673
0.0330885842176866 1674
0.0334579320022436 1676
0.0342058980916251 1677
0.0345391209076202 1678
0.0356750569239024 1679
0.0359401491305035 1680
0.0372463580058438 1681
0.0374674969437825 1682
0.0376329538524236 1683
0.0376665225721596 1684
0.0376977022958357 1685
0.0377031370517432 1686
0.0377574006304205 1687
0.0380592694003629 1688
0.0383373414332831 1689
0.0387034586395802 1690
0.0388288115023308 1691
0.0388935263701053 1692
0.0390999414612912 1693
0.0402248422935381 1694
0.0411669565912098 1695
0.0426049771343731 1696
0.0434101537965233 1697
0.0447528644936902 1698
0.045596404006475 1699
0.0461393328953919 1700
0.0464755429159676 1701
0.0474454901875836 1702
0.0483503597541563 1703
0.0492411082251951 1704
0.0493000904057184 1705
0.0493043774613664 1706
0.0494519752522443 1707
0.0496277120840848 1708
0.0499016764958233 1709
0.05022488067802 1710
0.0530635381424937 1711
0.0557955143258169 1712
0.0564617930201594 1713
0.0564914339402032 1714
0.0567832688837156 1715
0.0578607733547223 1716
0.0602929077497656 1717
0.0610683633908749 1718
0.0636943851788771 1719
0.0643524842177203 1720
0.0645653529290941 1721
0.0646611842689866 1722
0.0647465414763775 1723
0.0648157992406673 1724
0.0648906934855399 1725
0.0649591412511822 1727
0.0649643727324414 1728
0.0650549725910747 1730
0.0651000644357378 1731
0.065137873551086 1732
0.0651999234289014 1733
0.0653935999353218 1734
0.0654914451018498 1735
0.0656081963221362 1736
0.0658582898024996 1737
0.0658787869447075 1738
0.0660181013019514 1739
0.0666965818312171 1740
0.0692754963368815 1741
0.0710458479700281 1742
0.0711292031704852 1743
0.0714379511409522 1744
0.0727191793614872 1745
0.0740657575532946 1746
0.0745172620038241 1747
0.0760504237144531 1748
0.0772264689802229 1749
0.0802357288823626 1750
0.0811621251376654 1751
0.0818002388497276 1752
0.0831830806836815 1753
0.0841871810013926 1755
0.0845368873742877 1756
0.085178980595191 1757
0.085586006492973 1758
0.0857679441997013 1759
0.0859709479759064 1760
0.0860403603049879 1761
0.0872897792782715 1762
0.0876204712410572 1763
0.0885666488174749 1764
0.0886294044608727 1765
0.0892793639132853 1766
0.0944798581727036 1767
0.0979051487244117 1768
0.0982690108145001 1769
0.0987160774318084 1770
0.101459789888268 1771
0.101826484087642 1772
0.102201624449258 1773
0.102988588278569 1774
0.103317928979666 1775
0.107274067917017 1776
0.10786809073514 1777
0.108621494164568 1778
0.109271881531902 1779
0.10936739880045 1780
0.109884562792651 1781
0.11040310563022 1782
0.111214224803331 1783
0.111469725268598 1784
0.111889361012559 1786
0.112235516787081 1787
0.112623565148267 1788
0.117466030671823 1789
0.11760450553529 1790
0.11879083537816 1791
0.118811056748358 1792
0.118946680242366 1793
0.127114294478309 1794
0.127832093998295 1795
0.131114221811172 1796
0.131999922418506 1797
0.132336301878631 1798
0.133890343204687 1799
0.13457359388034 1800
0.134629307217584 1801
0.134742881500695 1802
0.135565071699106 1803
0.135938942588476 1804
0.138195130879411 1805
0.138502656762333 1806
0.140475135011222 1807
0.143601580815619 1808
0.143609651246646 1809
0.14425280295283 1810
0.14487084112157 1811
0.14505829361227 1812
0.14526789582558 1813
0.145293741391708 1814
0.145620337950976 1815
0.145681742042967 1816
0.145861923505415 1817
0.146054885895432 1818
0.147117849319766 1819
0.147206648945187 1820
0.147745287736455 1821
0.14779028177065 1822
0.148415350684952 1823
0.148760271516117 1824
0.14973859425007 1825
0.151774642483219 1826
0.15580449782291 1827
0.156825299621978 1828
0.157259715143926 1829
0.161836586181787 1830
0.163815091055037 1831
0.165214019358115 1832
0.165264693338254 1833
0.174050365366423 1834
0.174835040907237 1835
0.175809153286226 1836
0.177379681784264 1837
0.179258035512879 1838
0.182242094180205 1839
0.183576848933409 1840
0.184145636840841 1841
0.185283521869692 1842
0.186731749547129 1843
0.1867997048737 1844
0.187116011652934 1845
0.18844452477787 1846
0.189245836632853 1847
0.189280992663771 1848
0.189885487897441 1849
0.19051577722032 1850
0.19080632241002 1851
0.191444795306975 1852
0.191780851182637 1853
0.191984650896092 1854
0.19267831061178 1855
0.193265382457586 1856
0.194902009766635 1857
0.196601130553458 1858
0.199397240604463 1859
0.201375530625632 1860
0.201716288254347 1861
0.202401093671335 1862
0.203754290806351 1863
0.206599567276233 1864
0.211059126546241 1865
0.212424186058667 1866
0.212677136510857 1867
0.215105242197478 1868
0.21585742644911 1869
0.217731595176639 1870
0.21831144483637 1871
0.219825566910366 1872
0.222975854911754 1873
0.224344233931558 1874
0.22871663184771 1875
0.234117850436594 1876
0.235112656465586 1877
0.236825230161774 1878
0.23835268521049 1879
0.241227832879834 1880
0.245856054799125 1881
0.246217135510679 1882
0.246278355775094 1883
0.246864353044948 1884
0.246982176586412 1885
0.247259121880287 1886
0.247594209446999 1887
0.24826742012611 1889
0.248481648605671 1890
0.248495414675987 1891
0.249200774483093 1892
0.249809729352103 1893
0.250034645910403 1894
0.25047682649395 1895
0.251096511887589 1896
0.251601255362459 1897
0.255051358825099 1898
0.257940226079679 1899
0.25802153383776 1900
0.258455025197577 1901
0.26181605196915 1902
0.263019509504432 1903
0.26468342067398 1904
0.266383157157481 1905
0.266756500057005 1906
0.267216763880886 1907
0.268475114552736 1908
0.269519117753877 1909
0.273901459575706 1910
0.279243725587937 1911
0.282461180672688 1912
0.287789978332735 1913
0.289617559779927 1914
0.289807031415077 1915
0.291215485069907 1916
0.292181562217342 1917
0.292480794283956 1918
0.293887186767796 1919
0.296898813900591 1920
0.309180015628248 1921
0.310058490440308 1922
0.310585469602217 1923
0.317081705196016 1924
0.31852410663097 1925
0.318652025370098 1926
0.31921953657911 1927
0.319466734750861 1928
0.319837020376536 1929
0.319918931072694 1930
0.320424520620914 1931
0.321372149955885 1932
0.322217004907096 1933
0.32286447225757 1934
0.322930413899855 1935
0.323583855786518 1936
0.323895584953326 1937
0.324247292190864 1938
0.324970695701306 1939
0.32626161042076 1940
0.326689253818266 1941
0.327853943478519 1942
0.328939365055002 1943
0.331513305054314 1944
0.33617925030207 1945
0.338003282391561 1946
0.339496302776629 1947
0.345687252873369 1948
0.350639358439128 1949
0.35142474590923 1950
0.353631868636338 1951
0.354190010564937 1952
0.354855434814547 1953
0.357012795351228 1954
0.35768379960945 1955
0.357773230679126 1956
0.359017981808564 1957
0.359739880780815 1958
0.359771473549606 1959
0.363464574007553 1960
0.365837166895744 1961
0.374544794982206 1962
0.377601628380392 1963
0.377873962264845 1964
0.378740353283192 1965
0.380075196835048 1966
0.38482202849382 1967
0.386550756937416 1968
0.391040991341309 1969
0.39114882040399 1970
0.398962578450795 1971
0.39948602319448 1972
0.400502188581667 1973
0.400805342929003 1974
0.401275304966939 1975
0.404347704701021 1976
0.405163642741772 1977
0.407422831602317 1978
0.411944647796255 1979
0.416005366391385 1980
0.416360977604183 1981
0.416485962915071 1982
0.420123782915267 1985
0.420379191759568 1986
0.421595739985577 1987
0.422013950731286 1988
0.422407449058393 1989
0.422738885621746 1990
0.42302073433697 1991
0.423344367914412 1992
0.423584504169143 1993
0.424067329023375 1994
0.424398765969447 1995
0.424775048495707 1996
0.425179118295168 1997
0.426494508835181 1998
0.426585149855644 1999
0.426888586490998 2000
0.428021304012043 2001
0.429105073091097 2002
0.42948283296723 2003
0.430035000434798 2004
0.430804758685275 2005
0.434386110505833 2006
0.43563868870994 2007
0.437981625342121 2008
0.446327048518748 2009
0.452288151821259 2010
0.452935788156836 2011
0.453888715300974 2012
0.456272509141452 2013
0.465014075841018 2014
0.465820165146181 2015
0.475572654631534 2016
0.478873177101359 2017
0.481783125813698 2018
0.482650724646213 2019
0.485240306283827 2020
0.491149187407189 2021
0.492581643074235 2022
0.493574574523794 2023
0.496232821978926 2024
0.498865565066286 2025
0.50225025296934 2026
0.505659693893196 2027
0.508072996675684 2028
0.512041407957898 2029
0.519240590027596 2030
0.523189987566261 2031
0.523623485237173 2032
0.524132292361771 2033
0.524757147006967 2034
0.527474186235444 2035
0.528886398099153 2036
0.529960920736087 2037
0.536413787145395 2038
0.539323808460623 2039
0.541016003017787 2040
0.543399100961146 2042
0.545351415307038 2043
0.545685424998752 2044
0.545699044538883 2045
0.548112350810129 2047
0.548514552762073 2048
0.549332670765672 2049
0.549956403003784 2050
0.551220927721123 2051
0.551275582824744 2052
0.551582353436198 2053
0.552904867222507 2054
0.553082110363356 2055
0.553218494883816 2056
0.553695651586266 2057
0.554281953728915 2058
0.555543132304848 2059
0.556613448199801 2060
0.55694069540124 2061
0.55710431900196 2062
0.557533760034165 2063
0.557697383634884 2064
0.558719983859593 2065
0.559013134930917 2066
0.559285809412257 2067
0.560002994447562 2068
0.560384905520879 2069
0.561620732408071 2070
0.562214147509804 2071
0.56445923890621 2072
0.566663339482565 2073
0.570457968046928 2074
0.575975876314011 2075
0.577994606969746 2076
0.581059375823628 2077
0.582466517990197 2078
0.583507207193532 2079
0.58655617548728 2080
0.588079743280281 2081
0.589557615677726 2082
0.590143879486096 2083
0.597958536368166 2084
0.598406868937911 2085
0.59913403027801 2086
0.602592519620644 2087
0.603366008038281 2088
0.605921508827741 2089
0.606427068808738 2090
0.614586417441951 2091
0.616756446230725 2092
0.617049379902947 2093
0.622387420217893 2094
0.628028976752956 2095
0.630989289518379 2096
0.631399227886582 2097
0.633235526273536 2098
0.634424086622425 2099
0.640266922223143 2100
0.640701366636662 2101
0.641316179797597 2102
0.642207545777167 2103
0.647633735483437 2104
0.648453415004133 2105
0.649287065251512 2106
0.651745323680019 2107
0.658856372922478 2108
0.662451648930185 2109
0.662670350938063 2110
0.664276514086251 2111
0.665509425491508 2112
0.66712972019885 2113
0.671150578216679 2114
0.673905797326634 2115
0.673938996946916 2116
0.673972076303454 2117
0.678520069343108 2118
0.679464293825345 2119
0.697925987258224 2120
0.698596425470625 2121
0.706797654888743 2122
0.709490829496879 2123
0.709838121312373 2124
0.711330829972298 2125
0.711667749536152 2126
0.712375643045185 2127
0.712522545698209 2128
0.712687236021503 2129
0.714919763531724 2130
0.715919217886668 2132
0.716382191308237 2133
0.71782459808239 2135
0.718207465238425 2136
0.718265306041462 2137
0.718935944021496 2138
0.719267004856543 2139
0.719765553618653 2140
0.721564084294118 2141
0.721568562086344 2142
0.722347606276458 2143
0.723959181166132 2144
0.724862862546773 2145
0.725245729702808 2146
0.726547096167938 2147
0.727017152678976 2148
0.729668162467903 2149
0.729710897093838 2150
0.730004702399886 2151
0.730329728752884 2153
0.730751704515925 2154
0.731386560814796 2155
0.733508413383869 2156
0.734291746090943 2157
0.740357412051915 2158
0.741452388665679 2159
0.744246779560997 2160
0.748176399091442 2161
0.749392001356687 2162
0.7559180211488 2163
0.758903345328355 2164
0.769604748806172 2165
0.777304883254939 2166
0.778877493588892 2167
0.786321321430359 2168
0.799301149615765 2170
0.800779586454092 2171
0.805929965221767 2172
0.811817600776792 2173
0.812388715737231 2174
0.814996670307606 2175
0.81856242144139 2176
0.824097533312446 2177
0.830001633296065 2178
0.833775655997751 2179
0.841707793960005 2180
0.843461500028711 2181
0.843650216924305 2182
0.861200581661796 2183
0.86147841968577 2184
0.861656121159007 2185
0.870600814567822 2186
0.876840320748207 2187
0.87840119233015 2188
0.879991221867811 2189
0.882238925811679 2190
0.88270092000634 2191
0.890615365727461 2192
0.891248536247277 2193
0.8918919246901 2194
0.894916745391185 2195
0.904417213517035 2196
0.904676450734861 2197
0.909073506972222 2199
0.913592459862733 2200
0.91603728055527 2201
0.917603253269465 2202
0.917943322101586 2203
0.919262937693835 2205
0.922309854106864 2206
0.926097272953238 2207
0.92674003800192 2208
0.926931898808443 2210
0.927204716485389 2211
0.928222715018884 2212
0.928663970324264 2213
0.928670973019265 2214
0.932549680505747 2215
0.934252011639309 2216
0.934618350013294 2217
0.934938064259427 2218
0.935768768173493 2219
0.935856753636161 2220
0.93750795846665 2221
0.938004135610127 2222
0.938007998458004 2223
0.938531269866176 2224
0.939217322486294 2225
0.940042924901539 2226
0.940240493360813 2227
0.943112859100115 2228
0.943229177478423 2231
0.944281568472525 2232
0.944554879698956 2233
0.945172454300685 2234
0.946300082920124 2235
0.948880540945526 2236
0.948899893759415 2237
0.950062064571116 2238
0.950276038896793 2239
0.950460619809477 2240
0.951725941916242 2241
0.953031945732781 2242
0.953997097943153 2243
0.95706703214173 2244
0.965193805288679 2245
0.965917742049416 2246
0.968013049305532 2247
0.96867423920464 2248
0.96922617949004 2249
0.976236190015798 2250
0.977970614421491 2251
0.978371952607755 2252
0.978472996819599 2253
0.982405322723522 2254
0.982407712478579 2255
0.985011800112749 2256
0.990143206277623 2257
0.996130576365441 2258
1.00579592564551 2259
1.01302005338513 2260
1.01625073594442 2261
1.01926119082927 2262
1.02112476611358 2263
1.02404317600885 2264
1.02713486147455 2265
1.03466502842013 2266
1.03594328359385 2267
1.0424333503017 2268
1.04644529400258 2269
1.04668281336392 2270
1.04696332960892 2271
1.05899568037539 2272
1.06175821905639 2273
1.06490589541031 2274
1.07052163100986 2275
1.07088610518618 2276
1.07194799970176 2277
1.08997421256894 2278
1.09416623790762 2279
1.09545280275262 2280
1.09715583786502 2281
1.1012043203433 2282
1.10678928048809 2283
1.1166191625314 2284
1.11744637062906 2285
1.11919594872043 2286
1.11997365405096 2287
1.12202238581417 2288
1.12345478153253 2289
1.13182156798652 2290
1.13200142848282 2291
1.13745309736828 2292
1.1407265033505 2293
1.14232761618586 2294
1.15654715367012 2295
1.1666545302047 2296
1.18092024172523 2297
1.18423359977254 2298
1.18810416452045 2299
1.19336722836528 2300
1.19610001311664 2301
1.21035997286451 2302
1.21039031403451 2303
1.21056690151482 2304
1.2106105508379 2305
1.21090674589465 2306
1.21177502822761 2307
1.21403525691199 2308
1.21566030008903 2310
1.21569064125902 2311
1.2157286203857 2312
1.2179804571572 2313
1.21847353397872 2314
1.21922928471316 2315
1.21954818298322 2316
1.21991749246987 2317
1.22064936700018 2318
1.22196293920708 2319
1.22442331251432 2320
1.22507638496781 2321
1.22517504643448 2322
1.2264052330881 2324
1.22879728609866 2325
1.22961734031549 2326
1.23244222897615 2327
1.233201600853 2328
1.23336063450733 2329
1.23488732637001 2330
1.23762098086394 2332
1.23773198666125 2333
1.23930164076866 2334
1.24090904634469 2335
1.24242015214169 2336
1.24336725150705 2337
1.24504750721226 2338
1.24519942371898 2339
1.24547244809768 2340
1.24617903239922 2342
1.2466027876074 2343
1.24775845849288 2344
1.24975565498003 2345
1.25016634580703 2346
1.25116046135368 2347
1.25251201268726 2348
1.26239421792584 2349
1.26970960767818 2350
1.27050234037863 2351
1.27279424382823 2352
1.27296133951031 2353
1.2826989542715 2354
1.28286689195594 2355
1.2830642072842 2356
1.29061295567426 2357
1.29538560717633 2358
1.30095860439849 2359
1.30406520876129 2360
1.3057148467699 2361
1.30577957790927 2362
1.31053457003995 2363
1.31361015964762 2364
1.31449025845316 2365
1.31784139137483 2366
1.31917644294602 2367
1.3246988951105 2368
1.32939537292231 2369
1.33809549449836 2370
1.33944381859163 2371
1.33967736319761 2372
1.34194679199462 2373
1.34973284795668 2374
1.35120798175653 2375
1.35676225084254 2376
1.35907670353822 2377
1.36701008873245 2378
1.37055504702982 2379
1.37119819804673 2380
1.37355046863553 2381
1.37470830660797 2383
1.3765577083162 2384
1.37900223296255 2385
1.3831732004113 2386
1.38468570204519 2387
1.38812626558148 2388
1.39060230392286 2389
1.39454610031824 2390
1.39480338212274 2391
1.3984513500303 2392
1.40069468100732 2393
1.40542116571581 2394
1.40661073154069 2395
1.41267557224566 2396
1.41314157896095 2397
1.41916121136918 2398
1.42157551200706 2399
1.42450435611868 2400
1.42626361644198 2401
1.4290253617168 2402
1.43313897465637 2403
1.4335675143246 2404
1.4344293718475 2405
1.43645725436802 2406
1.44372513539263 2407
1.44395799788753 2408
1.45680267635528 2409
1.45760961749902 2410
1.45943015664695 2412
1.47799569161593 2413
1.4842610379959 2414
1.49399733532479 2415
1.49547113647958 2416
1.49953450914899 2417
1.50032844933688 2418
1.50217486806666 2419
1.50547308831129 2420
1.50606493363462 2421
1.50885905537338 2422
1.51908632965996 2423
1.52577884779359 2424
1.52746986471721 2425
1.54496588546272 2426
1.54705997240867 2427
1.55064454143738 2428
1.5513635676164 2429
1.56314846688739 2430
1.57716544634457 2431
1.57766903873206 2432
1.58058067007849 2434
1.58081870597593 2436
1.58403205302825 2437
1.58487962788598 2438
1.58718582232466 2439
1.58774114770993 2442
1.58779074998549 2443
1.58870519065102 2444
1.58963543035066 2445
1.58979957403474 2446
1.5902503625503 2447
1.59029996482586 2448
1.59078331064148 2449
1.59081756116542 2450
1.59317607142962 2451
1.59359256546858 2453
1.59429669768054 2455
1.59490162534138 2457
1.59593302252154 2458
1.59632984072603 2459
1.59790313374347 2460
1.59904836348644 2461
1.60089187444635 2462
1.60347036739675 2464
1.60380736814596 2465
1.60396639015235 2466
1.61070039826448 2467
1.61145413129767 2468
1.61271359034924 2470
1.61281279490036 2473
1.61387870196929 2474
1.61408222797796 2476
1.61441946842652 2477
1.61607574422825 2478
1.61828233816357 2479
1.61920594965496 2480
1.61921953804429 2481
1.61949720073693 2482
1.62057305469888 2483
1.62067740474377 2486
1.62217489823845 2487
1.62229428124502 2488
1.62354353586717 2492
1.62562628118821 2493
1.62620115685486 2494
1.62628081112461 2495
1.62727258150957 2496
1.62756021968258 2497
1.62962301404289 2498
1.63250909612702 2499
1.63314743779681 2500
1.63583134808458 2502
1.63924565782979 2503
1.64374364242697 2504
1.64497401707438 2505
1.64934424207908 2506
1.65742136570656 2507
1.66125489181858 2508
1.66235711509829 2509
1.67408329574841 2510
1.67443140793982 2511
1.67525671474462 2512
1.67572967364762 2513
1.68185263332699 2514
1.68282668858195 2515
1.68480075002013 2516
1.69775731884511 2517
1.69976968560194 2518
1.70191349639149 2519
1.70260565927653 2520
1.71030795089291 2521
1.7146977722391 2522
1.71734264061424 2523
1.72050953909139 2524
1.72169607706752 2525
1.7320832472101 2526
1.73595921596389 2527
1.74232133890088 2528
1.7494762765313 2529
1.75185063365799 2530
1.75682383084697 2531
1.7576070940505 2532
1.76108554106986 2533
1.76641165546872 2534
1.77016698032894 2535
1.78389245710391 2536
1.78472169031722 2537
1.786975093367 2538
1.79448653538204 2539
1.79486971828476 2540
1.79542465033673 2541
1.80627406581794 2542
1.80893263502764 2543
1.81614681089866 2544
1.82313676227033 2545
1.82512165388579 2546
1.82665502929328 2547
1.82821459055937 2548
1.83095550792404 2549
1.83532297589977 2551
1.83893088405313 2552
1.84392633983332 2553
1.84423048194205 2554
1.84589149918686 2555
1.84648511925951 2556
1.84989840545839 2557
1.85068303436233 2558
1.85541594271753 2559
1.86182946460956 2560
1.86201939666736 2561
1.86452529113783 2562
1.86453794089367 2563
1.86568844762035 2564
1.86627156390981 2565
1.8802097679598 2566
1.88670417251207 2567
1.8890289136711 2568
1.88947671993238 2569
1.89281592732909 2570
1.90043509422938 2571
1.90273115018542 2572
1.90492130162215 2573
1.91307533350387 2574
1.91841316121611 2575
1.94578470511676 2576
1.94864916573177 2577
1.94899072013078 2578
1.95218897564703 2579
1.96408966505459 2580
1.96654130547873 2581
1.97419116713568 2582
1.98557680092734 2583
1.99614044330151 2584
1.99897300124209 2585
2.00007488716591 2586
2.00082492822786 2587
2.00693970554025 2588
2.00976616889307 2589
2.01973907737238 2590
2.02077994296751 2591
2.02990095653921 2592
2.03750079529791 2593
2.05070954693905 2594
2.05963163819013 2595
2.05977872488991 2596
2.06456141412336 2597
2.06498883540849 2598
2.06531274829906 2600
2.06549406765257 2601
2.06766202444758 2602
2.06880992953908 2603
2.06894425572836 2604
2.06912081404882 2606
2.07291709028323 2607
2.07312322753292 2608
2.07365415721262 2609
2.07371893979074 2610
2.07497550621051 2611
2.07699607586079 2612
2.07969016872783 2613
2.0800788641965 2614
2.08023412678836 2615
2.0812963454738 2616
2.08300603061434 2617
2.08505265702627 2619
2.0885498382663 2620
2.08966381114902 2622
2.0897173778146 2623
2.0898321021217 2624
2.09193048273092 2625
2.09235790401606 2626
2.09300572979718 2627
2.09419715431282 2629
2.09463729092174 2630
2.09740950780476 2631
2.09943007745504 2633
2.09989658388266 2634
2.1006218612967 2636
2.10103625420101 2638
2.10129538451346 2639
2.10170977741777 2641
2.10404123157779 2642
2.10626917734323 2643
2.10639874249946 2645
2.10849712310867 2646
2.10959059222927 2647
2.11284394567543 2648
2.11388530884275 2649
2.11476620817467 2650
2.11753811200065 2652
2.11862602812172 2653
2.118898186815 2654
2.12146895627808 2655
2.12313367384989 2656
2.1256325120979 2657
2.12652734669535 2660
2.12739457977052 2661
2.13004836454113 2662
2.1330094538905 2663
2.13469955657051 2664
2.15025480317614 2665
2.15399011643829 2666
2.15563342551267 2667
2.15798106816344 2670
2.1679886428129 2671
2.17698312064942 2672
2.18029333312097 2673
2.1818670449942 2674
2.19551955402526 2675
2.20177375429293 2676
2.20659714620245 2677
2.20865096097674 2678
2.22247728229416 2679
2.22971934740927 2680
2.23012383513612 2681
2.23887253869595 2682
2.24027470168097 2683
2.24067955782645 2684
2.24761084330731 2685
2.25645482949914 2686
2.25750758400159 2687
2.25820683881808 2688
2.26425173501475 2689
2.26678729373494 2690
2.27157509024743 2691
2.2845506109408 2692
2.28945072830856 2693
2.29224458251813 2694
2.29278838475265 2695
2.30448396943397 2696
2.31040280077186 2697
2.31161442626899 2698
2.3153569688986 2699
2.31742374109229 2700
2.3249526594129 2701
2.32517608008041 2702
2.32585192740751 2703
2.332425103318 2704
2.34368771484405 2705
2.34845191045213 2706
2.35139953998696 2707
2.35328290570733 2708
2.36368929874372 2709
2.36691756613089 2710
2.3746262829056 2711
2.37599438103199 2712
2.37813776024595 2713
2.38318661926244 2714
2.38828237644001 2715
2.38940596380016 2716
2.39019974313971 2717
2.40569614324279 2718
2.40572580850475 2719
2.41038670969325 2720
2.41314860050759 2721
2.41470494272586 2722
2.41957110084007 2723
2.43688156659379 2724
2.44650547471848 2725
2.44857253741383 2726
2.45508783410964 2727
2.4630403892664 2728
2.46507109305522 2729
2.47569750059128 2730
2.47898048616066 2731
2.48239302854528 2732
2.48790426699537 2733
2.48941079973947 2734
2.4907361209829 2735
2.49133707146091 2736
2.49545825501131 2737
2.49634060765582 2738
2.49876793649031 2739
2.50552518132129 2740
2.50742846594135 2741
2.53169252244422 2742
2.53313889003165 2743
2.54127352473405 2745
2.54281125458122 2746
2.55172379219726 2747
2.55232780555546 2748
2.55326462860336 2749
2.55824847179797 2750
2.56405323408326 2751
2.56733633661985 2752
2.56786056110744 2753
2.57083485674542 2754
2.57181542068952 2755
2.58006520053815 2756
2.58158354540805 2757
2.58372081803642 2758
2.58508550743141 2759
2.59597963002826 2760
2.59628326558181 2761
2.6031028823678 2762
2.6232186037103 2763
2.62400295734299 2764
2.63032477416316 2765
2.6359780551961 2766
2.64083793248081 2767
2.64086454826601 2768
2.64499897472319 2769
2.64622544762235 2770
2.65466358497137 2772
2.65930191359186 2773
2.67073704706556 2774
2.67171704916685 2775
2.679851249085 2776
2.68296690923728 2777
2.69386137172829 2778
2.69606227610979 2780
2.69646830385364 2782
2.69695894026473 2783
2.70077329915834 2784
2.70194944374851 2785
2.70235547149236 2787
2.7043345634347 2789
2.7045883894364 2791
2.70627683228697 2792
2.70702455589952 2795
2.70732895938384 2796
2.70820860794647 2798
2.70827620102139 2799
2.71056511455028 2800
2.71273638198205 2801
2.71624868580999 2802
2.71686990742293 2803
2.71773993457879 2804
2.71825720798896 2807
2.71879177638639 2808
2.71945827562821 2809
2.72025331552361 2812
2.720490125933 2814
2.72773056295313 2815
2.72940525141116 2816
2.72958402698035 2817
2.73022013287259 2818
2.7327040508446 2819
2.73376993233401 2821
2.7343838992786 2822
2.7351061861231 2824
2.74194059539938 2826
2.74195761099169 2827
2.74403832719357 2829
2.74414662716142 2830
2.7443767618625 2832
2.7449179757562 2834
2.74789684685733 2835
2.74872442471234 2837
2.75087273646985 2839
2.75104195380432 2840
2.75331172881785 2841
2.75378252375175 2842
2.75447593938761 2844
2.754983591391 2845
2.75593083302856 2846
2.75716962669964 2847
2.75740274226182 2848
2.76244382322821 2849
2.76445694635517 2852
2.76487998969134 2853
2.76701128337583 2855
2.76934582557941 2856
2.77289845101456 2858
2.77367647531765 2861
2.77397430789143 2862
2.77401490998658 2864
2.77435334465551 2865
2.776197250448 2866
2.77926451210875 2867
2.78192931673119 2868
2.78362068517527 2869
2.78382669961968 2871
2.78430123365529 2872
2.7868040799765 2873
2.78729471638759 2874
2.78740811861408 2875
2.79030565863471 2876
2.79271313059611 2877
2.79380770658724 2878
2.80716522700944 2879
2.80886891541753 2880
2.80942702647556 2881
2.81992320709839 2882
2.8340545885518 2883
2.83821941757558 2884
2.83891426846216 2886
2.84681127908708 2887
2.84960660927837 2888
2.85388107688724 2889
2.85755514851279 2890
2.85836189421117 2891
2.87829018571187 2892
2.91762704544601 2893
2.92038290967791 2894
2.92083626145228 2895
2.92588937128669 2896
2.92641812978763 2897
2.93726582213317 2898
2.94214751458805 2899
2.94338203736079 2900
2.95122397656931 2901
2.95223547470991 2902
2.95940069472024 2903
2.95997106170403 2904
2.97598069730206 2905
2.98377609205569 2906
2.98841604148723 2907
2.98958937850318 2908
2.99063380527102 2909
2.99244263521191 2910
2.99395496756901 2911
2.99447436536408 2912
2.99897409457002 2913
3.00328677323056 2914
3.00666211718063 2915
3.00877019840623 2916
3.01518996384836 2917
3.02492887598886 2918
3.04538076071395 2920
3.04939885572872 2921
3.05665223864921 2922
3.05989584497181 2923
3.06407983091858 2924
3.07481829826948 2925
3.07940696143989 2926
3.08865539675933 2927
3.09004988166222 2928
3.0969973837769 2930
3.11321597292282 2931
3.11391224687774 2932
3.11580155899242 2933
3.13835101578009 2934
3.13981273925915 2935
3.14438016187888 2936
3.15544875374464 2938
3.1567536557486 2939
3.15875243102546 2940
3.16924625387864 2941
3.17612403325819 2942
3.17984212304133 2943
3.18353637549226 2944
3.1849723101421 2945
3.18842230771937 2946
3.19069031214845 2947
3.19590535407164 2948
3.20580743543817 2949
3.21528610865699 2950
3.22614670086193 2951
3.2393648717338 2952
3.25975199926539 2953
3.26215918258195 2954
3.26526949113709 2955
3.27212784490054 2956
3.27681128243778 2957
3.28590754395524 2958
3.28771335240475 2959
3.30254829815417 2960
3.32251128680901 2961
3.32262182046017 2962
3.33467456123 2963
3.33838061318355 2964
3.34079701577813 2965
3.34533585307209 2966
3.35907790605808 2967
3.35945566755601 2968
3.37884689932099 2969
3.38185203867305 2970
3.38674082499176 2972
3.38918569846647 2973
3.3904543946674 2975
3.40998305268094 2976
3.41045407535414 2977
3.41280515961567 2978
3.41448662539448 2979
3.41704717333261 2980
3.43243511678788 2981
3.4335635845175 2982
3.44182491579872 2984
3.44707531127736 2985
3.45256474691288 2986
3.4526983638776 2987
3.4544756414916 2988
3.45816898789547 2989
3.46105377354852 2990
3.46924008454595 2991
3.47131205206844 2992
3.48802345549268 2993
3.49770081035238 2994
3.50874315579804 2995
3.50882655173989 2996
3.514097297283 2997
3.52116637842566 2999
3.52169666708147 3000
3.52221045799143 3002
3.52226739539082 3003
3.52233745807879 3005
3.52719833527078 3006
3.52885525747616 3008
3.53041466503624 3009
3.53486499126951 3010
3.53548355921505 3011
3.53702997907892 3012
3.53711825836866 3013
3.54270820584772 3014
3.54741413459464 3016
3.54834198651297 3017
3.55015385716341 3019
3.55154594149957 3020
3.55172250007906 3023
3.55237813179329 3024
3.5559368567704 3025
3.5562518702465 3026
3.56252644190907 3027
3.5642528493497 3028
3.56442659184926 3029
3.56471365277026 3032
3.5682929479676 3033
3.56968503230376 3034
3.57041410259083 3035
3.57291006343035 3036
3.57484431141211 3037
3.57525275673104 3038
3.57601553815893 3039
3.57840686772514 3040
3.57870934397901 3041
3.58311819436103 3042
3.58382504159632 3043
3.58497389819767 3044
3.5858579169298 3045
3.58826613247402 3046
3.58895075665753 3048
3.58994527449127 3049
3.59275105653791 3051
3.59297206122094 3054
3.59580006307945 3057
3.59593647919269 3058
3.59745698528484 3059
3.59769586107628 3060
3.59925742676663 3061
3.60377308285398 3062
3.60581574984345 3063
3.60585939242799 3064
3.60676879241496 3065
3.60724479590679 3068
3.60786336385233 3069
3.60998451847555 3070
3.61049258407959 3072
3.61429288395997 3074
3.62151753059263 3076
3.62253366180069 3078
3.62297567116675 3080
3.62518510507972 3082
3.62730625970294 3083
3.63198733400114 3084
3.63370011792194 3085
3.63685084259008 3086
3.64031963544592 3088
3.64471615075332 3089
3.64671117724987 3090
3.65314222216925 3091
3.67332800989141 3092
3.67966299659936 3093
3.68095818237841 3094
3.68293376401695 3095
3.68455463386339 3096
3.69239045374384 3097
3.69493429412191 3098
3.69540123431161 3099
3.7033172278849 3100
3.70375048006971 3101
3.70773685827677 3102
3.7217014878487 3104
3.73208260157811 3105
3.73313624409009 3107
3.7331522185174 3108
3.74988941086513 3109
3.7523877625625 3110
3.75258511378359 3111
3.75405858003499 3112
3.76046921168046 3113
3.76936689270984 3114
3.77004001286517 3115
3.77515025569999 3116
3.7822681580189 3117
3.79601240220923 3118
3.80608909430828 3119
3.81306742730295 3120
3.81609043577937 3121
3.82209297299951 3122
3.83944190874207 3123
3.84104795813186 3124
3.84151584466562 3125
3.8425636531232 3126
3.84475317266396 3127
3.847583632288 3128
3.8674638004951 3129
3.87061320898768 3130
3.87096885746068 3131
3.88605382982835 3132
3.89716992875167 3133
3.91090463666581 3134
3.92298979316781 3135
3.92596709386587 3136
3.9314240441583 3137
3.93890924070906 3138
3.9432839755431 3139
3.9543706890254 3140
3.96911634348261 3141
3.97739044796963 3143
3.97774827267283 3144
3.99680874931954 3145
3.99932119048092 3146
3.99994197761929 3147
4.00557670441436 3148
4.02090196932034 3149
4.02463645831247 3150
4.03184327850276 3151
4.05701737564798 3152
4.06477981054718 3153
4.06876576183224 3154
4.06936285878421 3155
4.07158560758908 3156
4.08516871641701 3157
4.08867302924153 3158
4.08995353597601 3159
4.09216845184436 3160
4.10283487062931 3161
4.11221724281606 3162
4.11446783991427 3163
4.12114369871415 3164
4.12549279481805 3165
4.14737053023928 3166
4.14814644999804 3167
4.1517598063174 3168
4.15375372497283 3169
4.15597715596922 3170
4.15970265748876 3171
4.16336363057203 3172
4.16564211194042 3173
4.16932548654236 3174
4.17202201598223 3175
4.17336770729382 3176
4.18607273569769 3177
4.18623737305981 3178
4.20514263287661 3179
4.23285769150824 3180
4.23622322148379 3181
4.23954775779875 3182
4.24602629237257 3183
4.25364303806564 3184
4.25439518525903 3185
4.25439704435066 3186
4.27201471686227 3187
4.27326341995389 3188
4.27377865051838 3189
4.29388661418195 3192
4.30526926287169 3193
4.32601395075713 3194
4.34253195835119 3195
4.35303147306897 3196
4.35329103435217 3197
4.35879289111196 3198
4.3647289146781 3199
4.3716708938438 3200
4.37283274200154 3201
4.3766813862586 3202
4.3929039587199 3203
4.40359161498347 3204
4.40576451482962 3205
4.40581250412448 3206
4.4109943580268 3207
4.41447560367024 3208
4.41683554601279 3209
4.42807057087513 3210
4.43846524732307 3211
4.44647753803873 3212
4.4547841493099 3213
4.47187090365411 3214
4.47684491303955 3215
4.48972563266976 3216
4.49267760293705 3217
4.4934091567663 3218
4.50250503048527 3219
4.51168490865206 3222
4.52589507866748 3223
4.53459503385114 3224
4.55587321789049 3225
4.5692630265787 3226
4.57273347812053 3227
4.57377404478249 3228
4.57778875506037 3229
4.58031877665255 3230
4.5811790014319 3231
4.58863334180902 3232
4.59471793125009 3233
4.59878570848356 3235
4.5996482120152 3236
4.60014931862563 3237
4.60103678851359 3239
4.6020388793817 3240
4.60592959671892 3241
4.60882769551046 3243
4.61332905507566 3244
4.61748452567194 3245
4.61950421256116 3247
4.61961950888413 3250
4.61976382941157 3251
4.62256316734687 3252
4.62273955875074 3253
4.62692020638464 3255
4.62992687139491 3256
4.63304511583463 3257
4.63393226283028 3258
4.63427815179921 3259
4.63869323924589 3261
4.64004937190686 3262
4.64300877022465 3263
4.64501271725882 3264
4.64737909361182 3265
4.64936066074102 3266
4.65037999998863 3267
4.65103640649738 3268
4.6524287110823 3270
4.65280362425569 3272
4.65528529693167 3273
4.65566021010506 3276
4.656914133317 3277
4.65788226593063 3279
4.66010480093606 3280
4.66033491440215 3282
4.66215303284988 3284
4.663105228133 3288
4.66538453187263 3289
4.66682773714697 3291
4.67392606571113 3292
4.6761143583597 3293
4.67707129261536 3294
4.6780815363074 3295
4.67969728581878 3296
4.68080518866299 3297
4.68212091008584 3298
4.68327547430532 3299
4.6833595040133 3300
4.68642070120955 3301
4.68999604513841 3302
4.6902510089185 3303
4.69198625796773 3304
4.69256683449059 3305
4.6964384842615 3306
4.69724153878768 3307
4.70090599939273 3308
4.70119131177937 3309
4.70188977961978 3310
4.70255864949011 3311
4.70609143126324 3312
4.70924516429488 3315
4.71120760327004 3316
4.71201547802573 3317
4.71738276075554 3318
4.71796004286527 3319
4.7198063850226 3320
4.72119154188803 3322
4.72378851088698 3325
4.7258032224528 3326
4.73117548050601 3327
4.73168350593107 3328
4.73175276261575 3331
4.73233004472548 3332
4.73547527162972 3335
4.73740868640042 3336
4.73859177784153 3337
4.74147708438332 3339
4.74975900137141 3340
4.74987429769438 3341
4.75440468146404 3342
4.75440967760113 3344
4.7553159507111 3345
4.75942824162648 3347
4.76169419918446 3348
4.78069274683645 3349
4.78383198602477 3350
4.78539853457382 3351
4.79294533807244 3352
4.81006045696293 3353
4.81760538930265 3354
4.82634347743119 3355
4.83961694689499 3356
4.84245430126041 3357
4.86657799533582 3358
4.86695041390435 3359
4.8675796994434 3360
4.87075927304932 3361
4.87425082670794 3362
4.87979098776761 3363
4.89050543694484 3364
4.90308331076463 3365
4.90932276523049 3366
4.91844278812474 3367
4.9281277157794 3368
4.93033297635693 3369
4.93869043190468 3370
4.95550254249001 3371
4.96195710297228 3373
4.97245152228047 3374
4.97584509309876 3375
4.98310391851945 3376
5.0102038042209 3377
5.02343789398389 3378
5.0292022130276 3379
5.0346029876059 3380
5.03809540883596 3381
5.03891996385806 3382
5.05430751413549 3383
5.06152888884075 3384
5.07073982002863 3385
5.08769399763396 3386
5.10315752479783 3387
5.10779963722765 3388
5.11190837756091 3389
5.11305049648368 3390
5.11385374898164 3391
5.11867058875621 3392
5.12924783530124 3393
5.14584492733732 3394
5.15116375973844 3395
5.15375768433325 3396
5.15585838449474 3397
5.16476305065372 3398
5.18794739684108 3399
5.19463279589753 3401
5.20631629375446 3402
5.27671107386173 3403
5.27850493997749 3404
5.29917426822208 3405
5.30004546765663 3406
5.30433570858248 3407
5.30612344028568 3408
5.30741409499627 3409
5.30972389038741 3410
5.32495752369713 3411
5.32577748546235 3412
5.33684255139717 3413
5.34511507804444 3415
5.34559484583067 3416
5.35590943200281 3417
5.38238035566139 3419
5.40747819357542 3420
5.40841530086771 3421
5.41311077890757 3422
5.417492516042 3423
5.42039846620137 3424
5.420926019492 3425
5.42980461001042 3426
5.43538750248118 3427
5.44484680765671 3428
5.44882949585475 3429
5.48041201470546 3430
5.48293841326461 3431
5.48596060943898 3432
5.49087626600165 3433
5.49449852090762 3434
5.51025738507244 3435
5.5152786360481 3436
5.53079165827711 3437
5.54582867934045 3439
5.57368175375716 3440
5.57439026480765 3441
5.57822066022454 3442
5.58172777624145 3444
5.58184206031344 3445
5.59652597224523 3446
5.60798959007941 3447
5.61029269242147 3448
5.6320622516841 3449
5.6481769164348 3450
5.65891895779785 3451
5.66136677682671 3453
5.69118564992013 3454
5.6956144274244 3455
5.71405742332577 3456
5.73883459009286 3457
5.75374676032167 3458
5.76481719753039 3459
5.77690487431297 3460
5.78156611915891 3461
5.78323926476939 3462
5.78780699177305 3463
5.80186254998565 3464
5.80716472714383 3465
5.80881351354763 3466
5.81783631608568 3467
5.82309086674781 3468
5.82566826267027 3469
5.84091866462133 3470
5.84478915496002 3471
5.84497071381587 3472
5.84752433701485 3473
5.85140536778171 3474
5.85565584885815 3475
5.87086410211438 3476
5.8747620337798 3477
5.87658467786458 3478
5.88193446227509 3479
5.890809227834 3480
5.89128742217177 3481
5.89517526836485 3483
5.90285486237867 3484
5.91255309343109 3485
5.94962308115727 3486
5.94972020549842 3487
5.95600935875408 3488
5.95841152869931 3489
5.95985127376188 3490
5.96433224694291 3491
5.97016627503314 3492
5.99594749517451 3493
5.99835183484794 3494
6.0062001392869 3495
6.00695409307116 3497
6.00710467473228 3498
6.00798106928549 3499
6.00819769862372 3500
6.0096676994073 3501
6.01648909929325 3502
6.01931538050556 3503
6.02021991595094 3504
6.02519433816119 3507
6.02956643372696 3508
6.03129969104783 3512
6.03186515638602 3513
6.03325934359971 3515
6.03340992526083 3516
6.03359841370689 3517
6.03725446227335 3518
6.04313341992898 3519
6.04611377680436 3521
6.04869473796021 3522
6.05406261336475 3523
6.05832098857569 3525
6.0600921526815 3527
6.0606477615797 3528
6.06604692390702 3530
6.07674972211178 3531
6.07999088700117 3532
6.08048053876947 3534
6.08338263355167 3535
6.08658589165611 3536
6.08782949720868 3538
6.08896042788506 3539
6.08971438166932 3540
6.09020403343763 3541
6.09446149779201 3542
6.0950657807717 3544
6.09671972198416 3546
6.09845752732221 3547
6.10433648497784 3548
6.10435357214909 3549
6.10844427852766 3551
6.11187393186311 3552
6.11307963063072 3553
6.11332089778825 3554
6.11383358441498 3556
6.1150392831826 3557
6.11654719075112 3558
6.12031591419375 3559
6.12182277628361 3564
6.12351916677175 3565
6.12830510606238 3567
6.13213208763735 3568
6.13350592350364 3570
6.13633220471595 3571
6.13746313539234 3572
6.14710583538899 3573
6.15046465625616 3574
6.15184685806938 3575
6.15302768093118 3578
6.15408279803767 3581
6.15618828768735 3582
6.15770093981919 3584
6.15856756847962 3586
6.15951001070995 3587
6.15989655068394 3588
6.16192923257452 3589
6.16425803768919 3591
6.16504989825839 3593
6.16606710857995 3597
6.16945885513045 3599
6.17737327890785 3601
6.17910653622871 3603
6.1797700379816 3604
6.17986049001297 3605
6.18099142068936 3606
6.18362921345561 3607
6.18472223734705 3608
6.19846967470458 3609
6.20171887688452 3612
6.20247283066877 3613
6.20352794777527 3615
6.2083517883244 3617
6.20945133737299 3618
6.21222385577092 3619
6.22376018666007 3620
6.22414272909425 3621
6.22564968227006 3622
6.24621917817495 3624
6.27117001823778 3625
6.27876367421049 3626
6.29039270280023 3627
6.29331921695847 3628
6.29393630096046 3629
6.29775633504276 3630
6.29807786011562 3631
6.30339978940927 3632
6.31008417410445 3633
6.34826122720602 3634
6.36596872524119 3635
6.36776596715543 3637
6.38224845426017 3638
6.41438894832275 3640
6.42579622151415 3641
6.43266566224834 3642
6.44727182755269 3643
6.45317377627189 3644
6.46663772548711 3645
6.47427447751774 3646
6.48070944314467 3647
6.52504847044671 3648
6.53809091144787 3649
6.54664439055621 3650
6.55442085611593 3651
6.5568956734338 3652
6.55824584513137 3653
6.59926037147167 3654
6.62040261917434 3655
6.62758387833329 3656
6.63445810831573 3657
6.63967677260373 3658
6.64387304048146 3659
6.66941069569691 3660
6.67099291797236 3661
6.67889983278967 3663
6.72065531717279 3664
6.7450275539064 3665
6.75035805649068 3666
6.7719005082851 3667
6.78440053527789 3668
6.8019939803947 3669
6.83591553613895 3670
6.85902231588734 3671
6.87728299613986 3672
6.89066415147905 3673
6.94128170682085 3675
6.9419011455297 3676
6.95398726508384 3677
6.97421986878928 3680
6.98093648221789 3681
7.01438021443986 3682
7.05020867722256 3683
7.0636091334868 3684
7.07566615949004 3685
7.09217140190249 3686
7.09537806389359 3688
7.10708062033169 3689
7.13606005864093 3690
7.16381212136474 3691
7.20838169733029 3692
7.20981964556929 3693
7.219091828214 3694
7.22488202716123 3695
7.23325045082703 3696
7.26067196474919 3697
7.28996223617859 3698
7.29394194144411 3699
7.30449952645201 3700
7.3166614393746 3701
7.324261227245 3702
7.36914385518995 3703
7.37030582849212 3704
7.376747500895 3705
7.39397399204829 3707
7.39748542372512 3708
7.41867552466599 3709
7.43344746017472 3710
7.47606176341395 3711
7.51318928230326 3712
7.51389909903258 3713
7.51842215935069 3714
7.52728558874893 3715
7.54487142045744 3718
7.55031803032782 3719
7.55629357320664 3720
7.56539878448165 3721
7.59488320846628 3722
7.62765754662647 3723
7.62776919007942 3724
7.6386866683382 3725
7.6567778196123 3726
7.65839303952367 3727
7.67740890894839 3728
7.69933733869266 3729
7.70235223480585 3730
7.71699912262048 3731
7.72388855976064 3732
7.76644663413717 3733
7.77077987733103 3734
7.7710095731777 3735
7.78202755394781 3737
7.78739485734705 3738
7.78841877373754 3739
7.80156428245671 3740
7.82534037469465 3741
7.83094994277288 3742
7.83334379802799 3743
7.8443403106655 3745
7.8453250048024 3746
7.8455216705423 3748
7.84666627727574 3750
7.84694920395333 3753
7.84867241869292 3754
7.85777810858447 3755
7.85925778240732 3756
7.86146934616045 3757
7.86840898203829 3760
7.87623566190179 3761
7.87695598024089 3762
7.87712134045004 3765
7.87785986105272 3766
7.87968072594355 3767
7.87987739168345 3770
7.88012356521767 3774
7.88927861868801 3775
7.89233049546551 3777
7.89257666899973 3781
7.89646913562351 3782
7.89745908919347 3783
7.90104285387726 3785
7.90281421097376 3788
7.90488124939881 3789
7.90685063767262 3790
7.90891767609768 3792
7.91135479775278 3793
7.9119461038653 3794
7.91201891645396 3795
7.91241224793376 3798
7.91472545989304 3800
7.91541447270139 3801
7.92200180234882 3802
7.92250263196221 3807
7.92319164477057 3809
7.92561244600699 3810
7.92722807146943 3811
7.93234684245644 3813
7.93584141429253 3814
7.93648091930655 3819
7.94071401174531 3822
7.94514376992397 3823
7.94720036106105 3824
7.95095155371934 3826
7.95405279407562 3827
7.9579406973915 3828
7.95961321472126 3829
7.96256254685309 3830
7.96625972432346 3835
7.97251034739295 3838
7.97253266392974 3840
7.97558514396989 3841
7.97787529191419 3844
7.98115306156909 3845
7.98235455788718 3848
7.98392924924378 3851
7.98648863473728 3852
7.99338012825821 3853
7.99534815109461 3854
7.99695451735551 3855
7.99756370568489 3856
8.00381433597213 3858
8.00430668304059 3861
8.00578372424594 3863
8.0106068139044 3866
8.01091071729921 3867
8.01228052084966 3869
8.01429805148038 3871
8.01577509268574 3873
8.01651361328842 3874
8.01853114391915 3876
8.02050053219296 3877
8.02082796531366 3878
8.02729897345704 3879
8.03275560479771 3881
8.0338883353478 3882
8.03610301868822 3883
8.03748104430492 3884
8.04285106474148 3885
8.0466362419908 3888
8.05077031884091 3889
8.05756279677318 3890
8.06789935433586 3891
8.07102961862629 3892
8.07114775263771 3894
8.07213244677462 3895
8.07262479384307 3896
8.07474134006245 3897
8.07606985788483 3898
8.07984712233413 3899
8.08079529739204 3901
8.08484839919925 3902
8.08642598770017 3903
8.08773493326988 3908
8.09417515093331 3909
8.09466892458427 3910
8.09969568998349 3912
8.10005795922317 3913
8.1006803841204 3915
8.1020584097371 3916
8.10835854060092 3920
8.10978607401195 3922
8.11854657478061 3924
8.12552754461246 3925
8.12898214793195 3926
8.1570543769905 3927
8.17239584135941 3928
8.19080861022314 3929
8.20031931147059 3930
8.20472044820161 3931
8.21889754155823 3932
8.24488635047611 3933
8.26267483265938 3934
8.27813066496403 3935
8.29170433700805 3936
8.29243691681621 3937
8.30288716869379 3938
8.31421263524102 3939
8.31655990587282 3940
8.31658013636285 3941
8.38475124643544 3942
8.41015735895076 3943
8.42420730354276 3944
8.42810595901144 3946
8.43794613755482 3947
8.4393542458522 3948
8.46381688340798 3949
8.47300217282139 3950
8.48583095055219 3951
8.48977510130239 3952
8.51303478525331 3953
8.51457323696503 3954
8.53942290891234 3955
8.54199928278187 3956
8.54517152772489 3957
8.55854341878372 3958
8.56033874036059 3960
8.57294255618693 3961
8.5785196682168 3962
8.58570999824778 3963
8.62857906502885 3964
8.63123884576958 3965
8.65589260655229 3966
8.71052012177043 3967
8.72546017054911 3968
8.76978593032272 3969
8.7744242534534 3970
8.86070150318026 3972
8.87898012849344 3973
8.90594408303424 3974
8.91059989914945 3975
8.91242270127927 3976
8.9138237050052 3977
8.93127039263887 3978
8.93615843457943 3979
8.96009058226948 3980
8.96055787301721 3981
8.97142896599772 3982
8.98654766219461 3983
8.99757257786357 3984
9.01847970842344 3985
9.06457645094689 3986
9.0655946584831 3988
9.07761374496212 3989
9.10100485476947 3990
9.10427386096775 3991
9.10861323024166 3992
9.11146590163399 3993
9.12866832355293 3994
9.15150799318261 3995
9.16106426599993 3996
9.17354812679006 3997
9.18484440784176 3998
9.18878873818394 3999
9.20741696202637 4000
9.20780401498602 4001
9.22535922540442 4003
9.2310738050174 4004
9.24110618902708 4005
9.24454041614342 4006
9.26685073345231 4009
9.28213474548594 4010
9.28496833972898 4011
9.29429540094203 4012
9.30689201339934 4013
9.33227862347057 4014
9.3495196978268 4015
9.35200376637557 4016
9.35912460631583 4017
9.36707735052473 4018
9.36808043757377 4019
9.37019643678742 4020
9.37335609495168 4021
9.40764046680718 4022
9.43423372005227 4023
9.45156557653497 4024
9.45975094798236 4026
9.4651095352961 4027
9.46808454772432 4028
9.53269059345291 4029
9.53997182174943 4030
9.56578140227336 4031
9.57421366515517 4032
9.59700419514613 4033
9.61726019351069 4034
9.62591751383727 4035
9.63510325772191 4036
9.70580335496835 4037
9.71524673668388 4038
9.71703231798313 4039
9.73734330317696 4040
9.74767566440262 4041
9.77451958302988 4042
9.80086232034298 4043
9.85390723748163 4044
9.88375459010076 4045
9.95287687514691 4046
9.95365457022986 4047
9.95647639394909 4048
9.98367668470493 4049
