EVALUE HITS
0.0 1
5.55231667187854E-163 2
2.55266138237502E-156 3
1.2695020611859E-154 4
5.19162122417893E-153 5
3.86208646811729E-147 6
1.36614442250867E-133 7
2.85001224125109E-133 8
3.33434803404155E-133 9
5.28366570691868E-132 10
7.45861576140626E-128 11
4.85503531343234E-127 12
1.68094734582595E-125 13
6.59096441133031E-123 14
7.81760495726455E-123 15
7.92004241478003E-121 16
7.56140258309038E-120 17
3.64219033377832E-118 18
1.05753025945937E-108 19
2.65161667835686E-108 20
5.9134297758444E-108 21
1.24006805402547E-106 22
4.73777960621535E-106 23
9.31143782335602E-106 24
5.33012428224565E-105 25
5.03321215875232E-103 26
2.45036050746786E-102 27
3.66954752460154E-102 28
7.60381197672887E-102 29
1.0087077965795E-101 30
1.76350144443986E-101 31
9.07040920662316E-100 32
1.13665382818753E-98 33
6.35128142463852E-98 34
1.80899231412863E-96 35
4.35873981988852E-96 36
9.3898805918728E-96 37
1.22397813548226E-95 38
1.24858572435519E-95 39
4.65259348238596E-94 40
4.75405481947664E-94 41
8.68406097218488E-94 42
1.65207397768215E-93 43
5.44321445072719E-93 44
5.00196274772393E-92 45
7.90521154741204E-92 46
1.09488879454973E-91 47
1.24316242702427E-90 48
1.67738796309229E-90 49
3.77601609420715E-90 50
7.22107879431283E-89 51
2.18667970419331E-88 52
3.6510742605925E-88 53
1.99344258260904E-87 54
2.68423305813141E-87 55
1.1676952726916E-86 56
1.09611494327865E-84 57
7.34074827739458E-84 58
5.46359534895868E-83 59
6.66932628512053E-83 60
9.18756568521914E-82 61
1.04123854572822E-81 62
2.10866570815025E-81 63
2.15865229634769E-81 64
7.76339690797254E-80 65
9.28495114499805E-80 66
1.57861043274684E-79 67
1.08276149545592E-78 68
1.58455019090478E-78 69
8.91777782698454E-78 70
9.45617114360568E-78 71
1.06774815359361E-77 72
4.49338851692621E-77 73
1.41317044501957E-76 74
2.6035011546274E-76 75
4.93027668949743E-76 76
8.22002404856323E-76 77
4.2934998402919E-75 78
4.47745883939478E-75 79
4.99938562949609E-75 80
8.62257714813767E-75 81
9.72451217965993E-75 82
1.9314449054545E-74 83
5.02502735694863E-74 84
5.24841589827927E-74 85
1.75705170312311E-73 86
6.87930655230552E-73 87
2.12466237446537E-72 88
5.20216222984236E-72 89
5.31317347964111E-72 90
4.42546712240847E-71 91
1.8922163269664E-70 92
4.34260153316136E-70 93
1.01869029539345E-69 94
3.05076106896243E-69 95
3.27510842742325E-69 96
3.51861349784857E-69 97
5.14347785873074E-69 98
5.19263790439617E-69 99
7.77671120308403E-69 100
9.70738897211138E-69 101
3.72228675428263E-68 102
5.26464399737866E-68 103
7.41303472794765E-68 104
1.25126350173809E-67 105
2.64160686738076E-67 106
2.82849063498044E-67 107
4.48084819997811E-67 108
5.4287641460172E-67 109
5.75841555651191E-67 110
5.86561057223153E-67 111
6.03401697590416E-67 112
6.8711027936955E-67 113
8.38047775775457E-67 114
1.35343740614318E-66 115
1.49522654954965E-66 116
2.1616182572104E-66 117
2.60007618159379E-66 118
4.25989379739719E-66 119
5.92469168988174E-65 120
1.11152065551066E-64 121
1.26339360816265E-64 122
1.323087974785E-64 123
2.06241294328838E-64 124
5.73761606156181E-64 125
1.20802009672971E-63 126
1.92595369500019E-63 127
6.53968087462304E-63 128
1.34574179586672E-62 129
1.52404030319788E-62 130
1.75116671253988E-62 131
2.81374780627978E-62 132
4.00960163822698E-62 133
5.64714852039333E-62 134
9.9260354357377E-62 135
1.24633419354221E-61 136
1.30451081163059E-61 137
1.35653138261812E-61 138
4.40674245640157E-61 139
4.53722369446337E-61 140
5.5939732988731E-61 141
2.47942947227826E-60 142
2.62506901463193E-60 143
4.48786313716852E-60 144
4.6609967192191E-60 145
8.0700674908944E-60 146
8.18175516173529E-60 147
8.98919948698808E-60 148
1.31324547860302E-59 149
1.97971557173524E-59 150
2.44392751955036E-59 151
4.42612146061487E-59 152
5.29800482203618E-59 153
8.66022723062437E-59 154
9.29955105386304E-59 155
9.76343491177205E-59 156
1.48977800332941E-58 157
1.8449771603637E-58 158
1.96420347956565E-58 159
6.45991207739553E-58 160
6.70419275511338E-58 161
8.07819385043806E-58 162
8.27056764612641E-58 163
1.53045692828219E-57 164
1.60892711270285E-57 165
2.06955333662965E-57 166
2.43769596414996E-57 167
2.45532890315864E-57 168
3.53844205211532E-57 169
5.86318518253831E-57 170
1.5178571430146E-56 171
1.54055747496246E-56 172
1.56792979959692E-56 173
2.09382014666523E-56 174
2.20806432701416E-56 175
2.68380395817664E-56 176
2.81233163926574E-56 177
4.00253346565982E-56 178
4.70148694557728E-56 179
6.7753212467067E-56 180
9.03721099801794E-56 181
1.00405274275041E-55 182
1.23383457254154E-55 183
1.46346754372192E-55 184
1.50741834387307E-55 185
1.91488142168904E-55 186
2.22681055524458E-55 187
3.82985338188703E-55 188
5.30343572348709E-55 189
7.17175474309705E-55 190
1.93429949572847E-54 191
2.26266099765894E-54 192
2.26386403759757E-54 193
2.29664379102813E-54 194
4.24801111850291E-54 195
4.56589012123372E-54 196
6.64239401293362E-54 197
9.56285799152278E-54 198
1.12715684914889E-53 199
1.76473595914807E-53 200
3.32710580112822E-53 201
4.55298043648687E-53 202
4.72090666540455E-53 203
4.9672538769542E-53 204
5.58100735977376E-53 205
5.79337685891992E-53 206
5.87509270068443E-53 207
6.32117669593228E-53 208
1.03001193783214E-52 209
1.8978797442266E-52 210
2.41109895055676E-52 211
3.56672294147225E-52 212
4.11214675601055E-52 213
4.38331725977445E-52 214
1.0718432349464E-51 215
1.38257954528492E-51 216
2.16081014712539E-51 217
2.38788365191869E-51 218
2.56495884071028E-51 219
3.09652476448542E-51 220
3.49777071848978E-51 221
3.79037773596772E-51 222
3.82293910228435E-51 223
4.41522443744355E-51 224
5.82564906142629E-51 225
7.61097234623269E-51 226
7.94749776995995E-51 227
9.34969471144759E-51 228
1.28668186528304E-50 229
1.83955249228872E-50 230
1.92759508808216E-50 231
2.19690326031102E-50 232
3.03102119303767E-50 233
3.08232763886935E-50 234
3.54313190548964E-50 235
3.56898633531773E-50 236
3.77654153891488E-50 237
3.81579028396316E-50 238
7.87277699641605E-50 239
8.62363945043782E-50 240
1.0382510419521E-49 241
1.34711247993694E-49 242
1.95443494884066E-49 243
2.35444325277108E-49 244
2.60679157295531E-49 245
2.82457630712252E-49 246
3.21808122106706E-49 247
3.95840428110196E-49 248
4.37521181713172E-49 249
5.15183636405382E-49 250
5.964361325625E-49 251
7.00399490094907E-49 252
7.53249494655478E-49 253
7.76108994461943E-49 254
8.09009614477198E-49 255
1.1714943275561E-48 256
2.93076502417193E-48 257
2.97146663204567E-48 258
3.14101741180516E-48 259
5.13412865301012E-48 260
7.08830667245666E-48 261
8.08373197605569E-48 262
1.10778245590958E-47 263
2.00114565769509E-47 264
3.97341892571325E-47 265
6.5496864896109E-47 266
7.13011885224889E-47 267
7.95266864696015E-47 268
1.04300562718315E-46 269
1.07137857494192E-46 270
3.69054943960534E-46 271
4.70286785301326E-46 272
4.87993259428053E-46 273
6.63830742356132E-46 274
9.03223598754182E-46 275
9.08821482434918E-46 276
9.36479318012463E-46 277
1.28720620307107E-45 278
1.96552340988203E-45 279
2.16102647926895E-45 280
3.4872513195585E-45 281
3.66145966509905E-45 282
4.81458212270482E-45 283
5.30131616446199E-45 284
6.26768987020573E-45 285
6.45866732455472E-45 286
7.58931022995324E-45 287
8.11740700584622E-45 288
8.17556230811011E-45 289
1.42198995260892E-44 290
1.787568809835E-44 291
1.82941864801719E-44 292
2.34987319523271E-44 293
3.82479526286264E-44 294
5.22665192034634E-44 295
6.83778136531523E-44 296
6.87899705386092E-44 297
7.91462198010329E-44 298
1.06174425683848E-43 299
1.06928766568774E-43 300
1.06960714989743E-43 301
1.28121940364257E-43 302
1.59022534267974E-43 303
1.76196709812058E-43 304
1.76222670729831E-43 305
2.02035801306192E-43 306
2.4365291389437E-43 307
4.14053224766675E-43 308
4.37606601762973E-43 309
6.02615676449094E-43 310
6.23921683573519E-43 311
9.85528635936464E-43 312
9.93068263824817E-43 313
1.00383538806383E-42 314
1.3361955784926E-42 315
1.33794820251399E-42 316
1.47699695565261E-42 317
2.03555029834955E-42 318
2.19691555044165E-42 319
2.33351333275349E-42 320
2.92258978574136E-42 321
2.92921208481158E-42 322
4.20671632301934E-42 323
6.09747513250814E-42 324
9.92286346074175E-42 325
1.08232730271846E-41 326
1.09587124915755E-41 327
2.4227146731401E-41 328
3.63814979448362E-41 329
3.80289031471909E-41 330
4.11147195784661E-41 331
4.88935339006117E-41 332
6.07030548062757E-41 333
6.83541186514706E-41 334
7.95412393958645E-41 335
9.27468313741708E-41 336
1.10274142081771E-40 337
1.20357366377254E-40 338
1.21905117913014E-40 339
1.9475525600876E-40 340
2.6236775211848E-40 341
2.95963253545429E-40 342
3.00055357119201E-40 343
3.36999579229938E-40 344
3.5107736168804E-40 345
5.10522500056546E-40 346
5.70399686937642E-40 347
7.3542641615146E-40 348
7.95060425488561E-40 349
8.92876616003981E-40 350
9.90122075935548E-40 351
1.07605111719174E-39 352
1.1497405994747E-39 353
1.30275096304581E-39 354
1.33448257632665E-39 355
2.23375590035425E-39 356
2.52916819082486E-39 357
2.58672191969392E-39 358
2.89306525281933E-39 359
2.93383330752637E-39 360
2.95879222143633E-39 361
3.90288485173807E-39 362
4.4625995984319E-39 363
4.56211846915336E-39 364
6.64438127467302E-39 365
7.64105693210477E-39 366
1.45012792994771E-38 367
1.95123154867459E-38 368
2.0391473138151E-38 369
2.21441196114443E-38 370
3.24397006460988E-38 371
3.26482793815386E-38 372
3.93680182941815E-38 373
4.15463324921494E-38 374
4.34120410778068E-38 375
4.38999049915344E-38 376
4.42590788792453E-38 377
5.13385691326252E-38 378
5.71332842218592E-38 379
6.4015161994282E-38 380
7.41603850515398E-38 381
7.43612042750553E-38 382
7.60212462299373E-38 383
1.09328888882619E-37 384
1.27157214955438E-37 385
1.61915151965027E-37 386
1.67153834700547E-37 387
1.98913939380963E-37 388
2.12788576699334E-37 389
2.3735697065731E-37 390
2.68533232313917E-37 391
2.76674167745106E-37 392
3.68224999184595E-37 393
4.30484832006451E-37 394
4.80846903722869E-37 395
6.20500103573613E-37 396
6.2381540644355E-37 397
8.35527310642437E-37 398
8.57065714081479E-37 399
1.05223179725064E-36 400
1.05659797622386E-36 401
1.4933437729731E-36 402
2.02604063240265E-36 403
2.61745441906642E-36 404
2.75018820059879E-36 405
2.91824864413295E-36 406
3.16679362205381E-36 407
4.13955368778068E-36 408
6.97150499693934E-36 409
7.74033919690804E-36 410
8.33072313055702E-36 411
9.37433564391929E-36 412
9.38907174025159E-36 413
1.08099474993031E-35 414
1.25500142980388E-35 415
1.4869562202682E-35 416
1.81927479269603E-35 417
1.95844400219787E-35 418
2.3509769055802E-35 419
3.32481605727403E-35 420
3.44312461102031E-35 421
3.44338047325474E-35 422
4.46743948646289E-35 423
4.53106466584857E-35 424
4.95922519837359E-35 425
5.00308621235026E-35 426
5.78934597923096E-35 427
5.92132564618616E-35 428
6.01136202139166E-35 429
7.73212405257463E-35 430
9.96601963781103E-35 431
1.04388491383426E-34 432
1.067295950076E-34 433
1.10936569300206E-34 434
1.38369784013043E-34 435
1.4668493809131E-34 436
1.55867095436732E-34 437
1.58068435576413E-34 438
1.67840325155175E-34 439
1.73988546600599E-34 440
1.74623260308725E-34 441
2.27291861159526E-34 442
2.84970025706573E-34 443
3.18737104208971E-34 444
4.8883542214104E-34 445
6.48084366987567E-34 446
9.34457434410352E-34 447
1.04424361535978E-33 448
1.11099091723898E-33 449
1.23221649170213E-33 450
1.4171921069731E-33 451
1.44639547769328E-33 452
1.58281736224847E-33 453
1.76808111805032E-33 454
1.92819808281095E-33 455
2.33390105650516E-33 456
2.62818837489286E-33 457
2.71176173777888E-33 458
3.39799147948076E-33 459
5.43912580296877E-33 460
5.65216767153795E-33 461
5.68560049504626E-33 462
9.1837249345285E-33 463
1.03755616303921E-32 464
1.20183164673599E-32 465
1.24459012127376E-32 466
1.67989396285538E-32 467
2.06077675578012E-32 468
2.11975816805895E-32 469
2.24070074941468E-32 470
2.45749629308051E-32 471
2.60779083420826E-32 472
2.71219657440682E-32 473
2.9178357685769E-32 474
2.95414647431204E-32 475
3.06839932168946E-32 476
3.56259599452049E-32 477
3.95863033224405E-32 478
4.10274699450331E-32 479
5.24901638356049E-32 480
6.08134927515612E-32 481
6.43473361077641E-32 482
7.28607572112701E-32 483
7.33892235098873E-32 484
9.10439164316353E-32 485
1.04651145845828E-31 486
1.05735407364732E-31 487
1.36832196070193E-31 488
1.46398539902237E-31 489
1.7814605821385E-31 490
2.18550360324608E-31 491
3.14123885707629E-31 492
4.18390061829495E-31 493
5.06029746364009E-31 494
5.1648219785161E-31 495
5.30119854744221E-31 496
6.11433643291001E-31 497
8.6336158930418E-31 498
8.72483675291361E-31 499
9.37168302050583E-31 500
1.01306268213955E-30 501
1.63850379756809E-30 502
1.93780518939863E-30 503
2.13964818952435E-30 504
2.36585856260494E-30 505
2.3855126442789E-30 506
2.43684425336595E-30 507
2.46983671458905E-30 508
2.49080535871876E-30 509
2.9503283689814E-30 510
3.26716372308035E-30 511
3.59043135696317E-30 512
3.62959909521644E-30 513
3.96961282470251E-30 514
4.05175253471992E-30 515
4.37277143062136E-30 516
6.2557695513564E-30 517
6.74084969670264E-30 518
6.76019107782673E-30 519
7.3046805565598E-30 520
8.82990723174918E-30 521
9.00939076920588E-30 522
9.59600532524647E-30 523
1.01312106551334E-29 524
1.02418442458922E-29 525
1.07577933662233E-29 526
1.08529448838699E-29 527
1.24909560076262E-29 528
1.26191904392899E-29 529
1.48597230018226E-29 530
1.57086617458881E-29 531
1.6264603747487E-29 532
1.83089554971255E-29 533
1.94527197108942E-29 534
2.17940039888207E-29 535
2.27373204310751E-29 536
2.29390109745429E-29 537
2.3477467709674E-29 538
2.44895081881165E-29 539
2.79818472365698E-29 540
2.83146359483193E-29 541
3.21627752124677E-29 542
3.45968512032124E-29 543
3.73169720545975E-29 544
3.99266674341564E-29 545
5.20691566857798E-29 546
6.3410843857432E-29 547
6.3501582163868E-29 548
8.15913335512141E-29 549
8.62467296141513E-29 550
1.24971490804344E-28 551
1.27262311852067E-28 552
1.29310712575296E-28 553
1.30197678832786E-28 554
1.326889098655E-28 555
1.60933844175911E-28 556
1.66150813366806E-28 557
1.80385073537008E-28 558
1.92023066272154E-28 559
2.31750189343753E-28 560
2.41693632778952E-28 561
2.76920250526042E-28 562
2.85845916756551E-28 563
3.63919937081313E-28 564
3.66006073337982E-28 565
4.01535233646416E-28 566
4.28890210155542E-28 567
4.71828539625601E-28 568
5.09646762663945E-28 569
5.58749458074348E-28 570
6.524555618198E-28 571
7.04540587649872E-28 572
8.72183090252562E-28 573
1.00443324664404E-27 574
1.05480203147327E-27 575
1.28168176414422E-27 576
1.28525849938447E-27 577
1.53189365886501E-27 578
1.5434666163072E-27 579
1.56484920244141E-27 580
1.69773362008769E-27 581
1.84097601997691E-27 582
2.2052745022346E-27 583
2.5885016058684E-27 584
3.80075890459315E-27 585
4.17379334985208E-27 586
4.56519312278146E-27 587
4.96083815951109E-27 588
5.55670566227272E-27 589
5.79233914215136E-27 590
5.95064615679148E-27 591
7.71760371856799E-27 592
9.97595720326897E-27 593
1.32921498898208E-26 594
1.5670288670193E-26 595
1.80194720155651E-26 596
1.94190347467106E-26 597
2.1914904290982E-26 598
2.21713454126281E-26 599
2.2173130980845E-26 600
2.24670919097536E-26 601
2.92923134983577E-26 602
2.9450263614457E-26 603
2.96147758529948E-26 604
3.53405324124368E-26 605
3.84468279116662E-26 606
3.85494640296134E-26 607
4.41948684564301E-26 608
4.66543295536323E-26 609
6.92602769597758E-26 610
7.13891714191721E-26 611
7.39908139315046E-26 612
8.15237013566931E-26 613
9.46028459589138E-26 614
9.89819111209383E-26 615
1.20496897788456E-25 616
1.21475689193287E-25 617
1.3332852404734E-25 618
1.43191156453936E-25 619
1.67464158583262E-25 620
1.78774187497249E-25 621
2.0220189659593E-25 622
2.07745820234155E-25 623
2.86322239334438E-25 624
3.04413567546631E-25 625
3.18202819103954E-25 626
3.23038961768121E-25 627
3.74727211419224E-25 628
3.78096799396942E-25 629
4.51138101384623E-25 630
6.48508332779244E-25 631
7.06799649813674E-25 632
7.1279003611463E-25 633
7.23112845473713E-25 634
9.17638897078148E-25 635
9.37734279928414E-25 636
1.05669719817273E-24 637
1.08163056459414E-24 638
1.24542638665208E-24 639
1.28798507425616E-24 640
1.45466245396696E-24 641
1.5002182965498E-24 642
1.60362939897757E-24 643
1.97340919586247E-24 644
2.01596216204201E-24 645
2.06042973640027E-24 646
2.26480862896993E-24 647
2.33329907775187E-24 648
2.52875885264755E-24 649
2.69121181557182E-24 650
2.86571672380748E-24 651
3.49791491245498E-24 652
3.76035001697227E-24 653
4.66387516955457E-24 654
5.116219790412E-24 655
5.28205967942621E-24 656
5.37091541023821E-24 657
5.4288022294869E-24 658
5.5749711152706E-24 659
5.67124746919231E-24 660
5.70218436166607E-24 661
5.96799895377468E-24 662
6.08033716089708E-24 663
6.11698149714114E-24 664
6.36240720301133E-24 665
7.04422094445546E-24 666
7.06429135343953E-24 667
7.15348883738486E-24 668
7.79092851095599E-24 669
7.98756889307035E-24 670
8.70897957671702E-24 671
8.77603521650136E-24 672
8.98739363088955E-24 673
9.61922427587471E-24 674
1.02012203416035E-23 675
1.33104057288244E-23 676
1.34200435494472E-23 677
1.36124729127328E-23 678
1.3927152340645E-23 679
1.60610532836236E-23 680
1.73947079890292E-23 681
1.74742949120359E-23 682
1.79239196135353E-23 683
1.80520998542422E-23 684
1.8763413701184E-23 685
1.96289804809972E-23 686
1.9680021449557E-23 687
1.98497241440005E-23 688
2.06134181662649E-23 689
2.27181921857833E-23 690
2.30175580965441E-23 691
2.71209313540551E-23 692
2.9735143166497E-23 693
3.4513109917579E-23 694
3.90444480506175E-23 695
3.96418922730578E-23 696
4.57092637685577E-23 697
6.06606777483113E-23 698
6.66857421061993E-23 699
7.70726664560171E-23 700
7.85193285871357E-23 701
8.15693453630786E-23 702
8.68710831678446E-23 703
9.45657429783416E-23 704
1.04446613577702E-22 705
1.04466313292297E-22 706
1.1232895899814E-22 707
1.24388393728782E-22 708
1.28284289674849E-22 709
1.48511442990078E-22 710
1.5558150306438E-22 711
1.56418576616241E-22 712
1.62446108079057E-22 713
1.66529268192495E-22 714
1.72312225396724E-22 715
1.89398692754664E-22 716
1.93047002672366E-22 717
2.12974471054004E-22 718
2.23012056448819E-22 719
2.5136300049156E-22 720
2.51641324172591E-22 721
2.68579299211393E-22 722
2.70330758338884E-22 723
3.21791898278527E-22 724
4.2088522361959E-22 725
4.4868820412573E-22 726
5.00150613872767E-22 727
5.21566599178438E-22 728
5.23651015492784E-22 729
5.77156650840925E-22 730
6.4199918974108E-22 731
7.01282135802201E-22 732
7.36446315565976E-22 733
7.3682149411822E-22 734
7.4681261504868E-22 735
8.44684681290505E-22 736
8.68385236152892E-22 737
9.58112197420777E-22 738
1.03060856030276E-21 739
1.25129425222426E-21 740
1.26082254129756E-21 741
1.26406209981935E-21 742
1.2656735501129E-21 743
1.64637938814396E-21 744
1.71588683300188E-21 745
1.84809073901614E-21 746
2.00665451054976E-21 747
2.04138605806943E-21 748
2.70246376318587E-21 749
3.565143480598E-21 750
3.9178874357622E-21 751
4.04918238481391E-21 752
4.13753161736587E-21 753
4.22866926931111E-21 754
4.72872877575484E-21 755
4.79023066918974E-21 756
4.87263891118839E-21 757
5.82566238437787E-21 758
6.50659731078494E-21 759
7.13101488542978E-21 760
7.13329596162633E-21 761
7.96820032545147E-21 762
9.74389345352118E-21 763
1.1066499842731E-20 764
1.45180889130798E-20 765
1.68249918550349E-20 766
1.75531692572911E-20 767
1.79614866318472E-20 768
1.80096102104814E-20 769
2.4125853584205E-20 770
2.81650229488584E-20 771
2.85764331943389E-20 772
2.94548781599903E-20 773
2.98380469600544E-20 774
3.47744117730191E-20 775
3.54215170101905E-20 776
3.86109686186409E-20 777
3.88513372546799E-20 778
4.04101529070782E-20 779
4.92707812480822E-20 780
5.28982724648364E-20 781
5.59275432989624E-20 782
5.72821098734513E-20 783
7.01881924534377E-20 784
8.81005291317934E-20 785
9.07257261748692E-20 786
9.72637844351337E-20 787
1.05524350426888E-19 788
1.06386303609422E-19 789
1.09882121069416E-19 790
1.15955807377281E-19 791
1.18307405773638E-19 792
1.22864408995498E-19 793
1.25336009512537E-19 794
1.293339770892E-19 795
1.31200444069202E-19 796
1.60416689804058E-19 797
1.76588216634195E-19 798
1.85411545242438E-19 799
2.08053271844241E-19 800
2.08646707955543E-19 801
2.44491599904977E-19 802
2.66984953625067E-19 803
3.15847741082019E-19 804
3.18499140463447E-19 805
4.12769935219122E-19 806
4.49870190114921E-19 807
4.70942567473797E-19 808
5.62121766933064E-19 809
6.71437064207412E-19 810
6.99186298903333E-19 811
6.99380640384108E-19 812
7.4683668144927E-19 813
7.7365896732016E-19 814
7.87548804977006E-19 815
8.85879283502078E-19 816
9.41438579560332E-19 817
9.61574859971227E-19 818
9.87582938457727E-19 819
1.01084419650468E-18 820
1.30292977616902E-18 821
1.31629487263775E-18 822
1.54350198134708E-18 823
1.54813115610234E-18 824
1.59719150930602E-18 825
1.68213297188566E-18 826
1.68456134843996E-18 827
1.68481449109045E-18 828
1.70063488269209E-18 829
1.79254170360671E-18 830
1.79447989287457E-18 831
2.2381925266643E-18 832
2.24231116415569E-18 833
2.51478703782764E-18 834
2.96786923181236E-18 835
2.97909507509639E-18 836
3.03927567933273E-18 837
3.20033271688373E-18 838
3.29294180195958E-18 839
3.76675087176493E-18 840
3.7725478639296E-18 841
3.8665327132829E-18 842
4.09366523214756E-18 843
4.22844969147404E-18 844
4.64977235664931E-18 845
4.73459535044474E-18 846
5.5940667324235E-18 847
6.38737870631778E-18 848
6.4133500027237E-18 849
6.47203487339811E-18 850
6.80005385595565E-18 851
6.98149535356578E-18 852
7.08488778113251E-18 853
1.09015080146261E-17 854
1.09190088612746E-17 855
1.14020298696838E-17 856
1.2038712992759E-17 857
1.22872364889461E-17 858
1.43523638816341E-17 859
1.62817134235197E-17 860
1.895789518659E-17 861
1.93479230466715E-17 862
2.11105568890897E-17 863
2.38689749843831E-17 864
2.55969542738435E-17 865
2.61889466585982E-17 866
2.6729983870894E-17 867
2.69880615868944E-17 868
2.90113631830454E-17 869
2.92527144222757E-17 870
2.99488760926551E-17 871
3.01092015452293E-17 872
3.14541630304391E-17 873
3.20558793814155E-17 874
3.22167728838326E-17 875
3.23960107331199E-17 876
3.48789933783418E-17 877
4.03064744775509E-17 878
4.24585754180141E-17 879
4.53169219338694E-17 880
5.17120305016681E-17 881
5.88530425317377E-17 882
5.90079060476201E-17 883
5.90657380100567E-17 884
6.73863343782557E-17 885
7.14883765693608E-17 886
7.20741838536459E-17 887
7.84173951261206E-17 888
9.46450853946475E-17 889
9.93585525640884E-17 890
9.96016993388095E-17 891
1.09365810303121E-16 892
1.22779684374086E-16 893
1.24418368722535E-16 894
1.33421941831475E-16 895
1.55383685842381E-16 896
1.58583329210114E-16 897
1.60003804023925E-16 898
1.73603157269713E-16 899
2.07888450828469E-16 900
2.08160424452551E-16 901
2.2289370112112E-16 902
2.27800650071038E-16 903
2.48531285169738E-16 904
2.59456560960058E-16 905
2.6950527127994E-16 906
3.04036210593928E-16 907
3.12380177518331E-16 908
3.13404294283974E-16 909
3.67530291697432E-16 910
3.77110537124485E-16 911
3.94661514234185E-16 912
4.67797396955967E-16 913
4.70766600189585E-16 914
4.81847413336055E-16 915
5.60259878931013E-16 916
5.99145936847754E-16 917
6.12701946014396E-16 918
7.9786799226737E-16 919
8.42252604637642E-16 920
8.70480884256626E-16 921
8.82067073216533E-16 922
1.04240615439936E-15 923
1.04923350915308E-15 924
1.05123245958407E-15 925
1.05888983039151E-15 926
1.06407491345828E-15 927
1.081838418155E-15 928
1.19426465638888E-15 929
1.29027396965755E-15 930
1.34596133792876E-15 931
1.49568152068848E-15 932
1.70053206963762E-15 933
1.71147209192627E-15 934
1.72588902727485E-15 935
1.75274337510704E-15 936
2.0308647945866E-15 937
2.2138105565461E-15 938
2.30337992300425E-15 939
2.31096339720447E-15 940
2.32732761139139E-15 941
2.48097093674235E-15 942
3.02811599076794E-15 943
3.56035653894617E-15 944
3.81139800001735E-15 945
3.95857183379896E-15 946
4.20385963779657E-15 947
5.10268737644031E-15 948
5.32729423786884E-15 949
5.76632310027807E-15 950
5.88326454109576E-15 951
6.23808615215596E-15 952
6.54669287003319E-15 953
6.77758340063203E-15 954
6.83755172990574E-15 955
7.18457544407419E-15 956
7.38222191334848E-15 957
7.5830720847957E-15 958
8.16194426488178E-15 959
8.6642577620685E-15 960
9.30091904127699E-15 961
9.44366426541106E-15 962
9.85535966826398E-15 963
1.01411422957195E-14 964
1.13497090542975E-14 965
1.17459935676733E-14 966
1.38798998270167E-14 967
1.52683653728817E-14 968
1.69684232676916E-14 969
1.93788488025334E-14 970
1.94681460118701E-14 971
1.98034960573633E-14 972
1.98637119891431E-14 973
2.32606650900531E-14 974
2.42865926076221E-14 975
2.47918430326704E-14 976
2.5324374160382E-14 977
2.56557192519424E-14 978
2.57118881181323E-14 979
2.58434570054176E-14 980
2.62715353757627E-14 981
2.65088977185827E-14 982
2.68575370362556E-14 983
2.82051127345176E-14 984
2.84332075593796E-14 985
3.02547682569134E-14 986
3.04035854169352E-14 987
3.08489452564259E-14 988
3.24276105442913E-14 989
3.3330717207238E-14 990
3.34735684904059E-14 991
3.36962826168321E-14 992
3.88738427320315E-14 993
4.80471385824588E-14 994
4.92894368279294E-14 995
5.56815947226133E-14 996
5.66481949486451E-14 997
5.68258588315772E-14 998
5.80583540443788E-14 999
5.88110003891159E-14 1000
7.32615709177974E-14 1001
8.48367864852532E-14 1002
8.54837252360244E-14 1003
9.71294750690175E-14 1004
9.7311128275752E-14 1005
9.79630640381393E-14 1006
1.29142259014569E-13 1007
1.31832428940904E-13 1008
1.46092379854032E-13 1009
1.47262983241486E-13 1010
1.67087170586126E-13 1011
1.67113400234451E-13 1012
1.70002075612263E-13 1013
1.73614337574823E-13 1014
1.89803540433417E-13 1015
1.98394020363457E-13 1016
1.99447734975658E-13 1017
2.13934064871701E-13 1018
2.14559792479828E-13 1019
2.16252891489948E-13 1020
2.40505085105627E-13 1021
2.51601020284275E-13 1022
2.58460373395635E-13 1023
2.85911335031998E-13 1024
2.87580341258107E-13 1025
3.61039195420699E-13 1026
3.6887156339623E-13 1027
3.94835738044773E-13 1028
4.23642770033521E-13 1029
4.40838853633203E-13 1030
4.80322608458669E-13 1031
4.85360603026561E-13 1032
5.07087437513305E-13 1033
5.41860951035181E-13 1034
6.19009607623323E-13 1035
6.24886794800209E-13 1036
6.35135021113416E-13 1037
6.4242782518094E-13 1038
6.50846221869515E-13 1039
7.67432846424607E-13 1040
8.09891416075823E-13 1041
8.11645591283825E-13 1042
8.13372088352586E-13 1043
8.1423859232739E-13 1044
8.81788121504178E-13 1045
9.93094508252319E-13 1046
1.04135931631507E-12 1047
1.04433911673805E-12 1048
1.11727786808364E-12 1049
1.17490422957485E-12 1050
1.22936064050434E-12 1051
1.35862820100288E-12 1052
1.3787067688127E-12 1053
1.41979346167952E-12 1054
1.55517795355379E-12 1055
1.56613141114303E-12 1056
1.63729777537265E-12 1057
1.67310434970195E-12 1058
1.7074113916277E-12 1059
1.82668102266295E-12 1060
1.8520938552335E-12 1061
1.97934690506159E-12 1062
2.08161153079328E-12 1063
2.19449344766048E-12 1064
2.29548186713661E-12 1065
2.47786312016143E-12 1066
2.94893655578324E-12 1067
2.97460518237813E-12 1068
2.99711611911336E-12 1069
3.3306496533589E-12 1070
3.95495036044575E-12 1071
4.11189073643474E-12 1072
4.64103435330383E-12 1073
4.69929430127131E-12 1074
4.76827738524305E-12 1075
4.81020223609445E-12 1076
5.29885671843655E-12 1077
5.30464054185422E-12 1078
6.00795768312752E-12 1079
6.67489278917988E-12 1080
7.12517907520258E-12 1081
7.65886412702645E-12 1082
8.04003070112192E-12 1083
8.09094096737337E-12 1084
8.75943008905403E-12 1085
8.87688133926604E-12 1086
9.37457871049883E-12 1087
9.57792815331078E-12 1088
9.74567293903008E-12 1089
9.78130458929678E-12 1090
1.06432576822047E-11 1091
1.07377022365254E-11 1092
1.18751952671001E-11 1093
1.20508990845819E-11 1094
1.21920017159857E-11 1095
1.32946281277716E-11 1096
1.50623105235851E-11 1097
1.54976288086656E-11 1098
1.60284788064262E-11 1099
1.64275509640808E-11 1100
1.72036346892553E-11 1101
1.85535267660577E-11 1102
1.86403054033746E-11 1103
2.00657033869681E-11 1104
2.03771031945991E-11 1105
2.20390093837586E-11 1106
2.35858983195269E-11 1107
2.36433191212973E-11 1108
2.61805265643565E-11 1109
2.63445786020694E-11 1110
3.69027730162586E-11 1111
3.85195865658773E-11 1112
3.92446146144459E-11 1113
4.25835630268013E-11 1114
4.35791440051984E-11 1115
4.37289176776771E-11 1116
4.37636839011609E-11 1117
4.7636209891643E-11 1118
5.16751106663903E-11 1119
5.18174819188194E-11 1120
5.32420629988022E-11 1121
5.85712439248062E-11 1122
5.86439292848921E-11 1123
5.93312914390168E-11 1124
5.95870820837932E-11 1125
7.62495915325304E-11 1126
7.73957046769875E-11 1127
7.80390699193208E-11 1128
8.74010728165643E-11 1129
8.91132829365631E-11 1130
9.31811956226434E-11 1131
9.8114589956565E-11 1132
9.99240605131649E-11 1133
1.00869294822259E-10 1134
1.04794018982327E-10 1135
1.0987456224022E-10 1136
1.21931217257832E-10 1137
1.22939410464264E-10 1138
1.30804350623391E-10 1139
1.46490861833098E-10 1140
1.51842200618502E-10 1141
1.55127000846051E-10 1142
1.59796825305861E-10 1143
1.70369575789295E-10 1144
1.75582491634677E-10 1145
1.83112020146878E-10 1146
2.13158987513164E-10 1147
2.22663254150478E-10 1148
2.23478742518652E-10 1149
2.65213887274473E-10 1150
2.67254912376718E-10 1151
2.82998057222048E-10 1152
2.94793544416176E-10 1153
2.96737410432749E-10 1154
2.9850018974425E-10 1155
3.02597086027813E-10 1156
3.04682366428825E-10 1157
3.04683107585464E-10 1158
3.08769437986174E-10 1159
3.20216875083356E-10 1160
3.81517102025749E-10 1161
4.01464368897673E-10 1162
4.48463748446176E-10 1163
4.61009645266597E-10 1164
4.63430665581922E-10 1165
4.66633895559333E-10 1166
4.92544053683559E-10 1167
5.41874562291529E-10 1168
5.59548602771635E-10 1169
6.08314541028146E-10 1170
6.12352748485849E-10 1171
6.42245641765083E-10 1172
6.64712534213086E-10 1173
7.25579463720892E-10 1174
7.38947199480137E-10 1175
8.06125024444338E-10 1176
8.18984823520972E-10 1177
8.61359031836586E-10 1178
9.07432886337752E-10 1179
9.85491891434464E-10 1180
1.03187965251359E-9 1181
1.06073303567134E-9 1182
1.06968274275614E-9 1183
1.08549666553978E-9 1184
1.0946006860529E-9 1185
1.16742453734481E-9 1186
1.42626355939865E-9 1187
1.47062100559662E-9 1188
1.49932252622226E-9 1189
1.55040262109028E-9 1190
1.76210252039911E-9 1191
1.7770296549654E-9 1192
1.86424887327078E-9 1193
1.88085106631488E-9 1194
1.91102997150797E-9 1195
1.92579202884425E-9 1196
1.94101820025369E-9 1197
2.12275168611776E-9 1198
2.19984773530196E-9 1199
2.33639390800021E-9 1200
2.39951550258406E-9 1201
2.50348441638316E-9 1202
2.96642385031756E-9 1203
3.20589352870548E-9 1204
3.23775293982367E-9 1205
3.32663813281505E-9 1206
3.32828524201899E-9 1207
3.63115166763089E-9 1208
3.65089808280602E-9 1209
3.86018494434476E-9 1210
4.19150537330094E-9 1211
4.28381516293463E-9 1212
4.60910893648074E-9 1213
5.4443489523925E-9 1214
5.58088816288798E-9 1215
5.59772193218562E-9 1216
5.68019218683931E-9 1217
5.80016103858935E-9 1218
6.05610072742369E-9 1219
6.94097380649759E-9 1220
7.05006338950942E-9 1221
7.15788662741574E-9 1222
8.43814790008117E-9 1223
8.75066829802142E-9 1224
9.08769089809725E-9 1225
9.43830705783072E-9 1226
9.68116773277055E-9 1227
9.7684973805973E-9 1228
1.16258351421868E-8 1229
1.16679932354303E-8 1230
1.20758636177716E-8 1231
1.23379184807366E-8 1232
1.23643071343812E-8 1233
1.42183139065467E-8 1234
1.45887828613902E-8 1235
1.71165362917037E-8 1236
1.84161536480611E-8 1237
1.88214631326411E-8 1238
1.9959708200911E-8 1239
2.00294022792473E-8 1240
2.06812679773923E-8 1241
2.12921258651555E-8 1242
2.17393918936931E-8 1243
2.24268953840708E-8 1244
2.33367244566335E-8 1245
2.72721768096156E-8 1246
2.76293044585523E-8 1247
2.798082904113E-8 1248
2.83243146922176E-8 1249
2.9393991274657E-8 1250
3.1215160013211E-8 1251
3.54192968203056E-8 1252
4.01216471717424E-8 1253
4.09820336011801E-8 1254
4.36958226582439E-8 1255
4.61634561428141E-8 1256
4.99633568751229E-8 1257
5.0379309275322E-8 1258
6.01123656183929E-8 1259
6.06415060778866E-8 1260
6.52845943303283E-8 1261
6.63119232271236E-8 1262
6.64351763055976E-8 1263
7.08045457307547E-8 1264
7.78002007232207E-8 1265
7.8064533525185E-8 1266
7.90591706513879E-8 1267
8.00344214246205E-8 1268
8.01748683435637E-8 1269
9.98380272133571E-8 1270
1.04401210136212E-7 1271
1.05166719642067E-7 1272
1.09302996093688E-7 1273
1.12787571601064E-7 1274
1.13286399571032E-7 1275
1.20529243221814E-7 1276
1.20748447112716E-7 1277
1.26632681409947E-7 1278
1.30633947295924E-7 1279
1.31100487396234E-7 1280
1.35280872282095E-7 1281
1.35361289347583E-7 1282
1.36064049678055E-7 1283
1.37385829252393E-7 1284
1.44904989279532E-7 1285
1.54921628103097E-7 1286
1.57702355760826E-7 1287
1.60226244443167E-7 1288
1.61055309523661E-7 1289
1.64053201113696E-7 1290
1.69795552675507E-7 1291
1.71460232503586E-7 1292
1.72707785913426E-7 1293
1.7513869121345E-7 1294
1.76304880797411E-7 1295
1.7936799339501E-7 1296
1.80992661252446E-7 1297
1.96014308139028E-7 1298
2.03189320353058E-7 1299
2.05645545358174E-7 1300
2.29099704930139E-7 1301
2.29975546048612E-7 1302
2.32541868667233E-7 1303
2.33728939876998E-7 1305
2.43521460716926E-7 1306
2.56664629397972E-7 1307
2.66505947001693E-7 1308
2.69829341342588E-7 1309
2.81917362188226E-7 1310
2.83256049324206E-7 1311
2.91599488026464E-7 1312
3.03044467481025E-7 1313
3.06435053357183E-7 1314
3.19915489463988E-7 1315
3.33455007117787E-7 1316
3.42167502059002E-7 1317
3.52460968661305E-7 1318
3.67091144990807E-7 1319
3.71859162381907E-7 1320
3.7301971114627E-7 1321
3.73850327154967E-7 1322
3.93212259188081E-7 1323
3.96329354615737E-7 1324
3.99882673334953E-7 1325
5.06428804463101E-7 1326
5.09340075799486E-7 1327
5.13796222424578E-7 1328
5.29120913357605E-7 1329
5.3956874838964E-7 1330
5.43514844079612E-7 1331
5.52955423261364E-7 1332
5.53579624842222E-7 1333
6.44766841841064E-7 1334
6.72922196219353E-7 1335
6.77403202071668E-7 1336
7.15709459595136E-7 1337
7.39813280741804E-7 1338
7.77003426765735E-7 1339
8.04132617512187E-7 1340
8.20647883802628E-7 1341
8.7942233527299E-7 1342
8.88169024093466E-7 1343
9.39188570664897E-7 1344
9.50221606803545E-7 1345
9.80819266124081E-7 1346
9.90590750449497E-7 1347
1.03310371888446E-6 1348
1.04001522575612E-6 1349
1.15085864403364E-6 1350
1.1554748538907E-6 1351
1.16017606180348E-6 1352
1.16230337374059E-6 1353
1.53403945743595E-6 1354
1.63041393736379E-6 1355
1.67008768505367E-6 1356
1.76431403390643E-6 1357
1.97094158086438E-6 1358
1.97477570434271E-6 1359
1.97511433757096E-6 1360
2.02214415809703E-6 1361
2.03307915472251E-6 1362
2.03867340008351E-6 1363
2.0785632315345E-6 1364
2.31394646783195E-6 1365
2.52738624652832E-6 1366
2.58283354578046E-6 1367
2.60370039569665E-6 1368
2.61720941610688E-6 1369
2.67222368278999E-6 1370
2.83667738917162E-6 1371
2.98958841988207E-6 1372
3.04478694336416E-6 1373
3.05098727227899E-6 1374
3.32711469965713E-6 1375
3.72878653108636E-6 1376
3.76717337660935E-6 1377
4.06306819807172E-6 1378
4.12970493820494E-6 1379
4.17157947853064E-6 1380
4.22842039668994E-6 1381
4.2649014668191E-6 1382
4.34747095686103E-6 1383
4.35442313940638E-6 1384
4.41054742632346E-6 1385
4.46445397827673E-6 1386
4.51116786238579E-6 1387
4.52189989917271E-6 1388
4.61091639425135E-6 1389
4.63105251685939E-6 1390
4.94172325298087E-6 1391
5.19369774452865E-6 1392
5.21223592384263E-6 1393
5.2925792346426E-6 1394
5.39875698288326E-6 1395
5.60860962532641E-6 1396
5.664987387371E-6 1397
6.65049676761183E-6 1398
7.12022375527751E-6 1399
7.22497053222347E-6 1400
7.25111690510983E-6 1401
7.32750721156712E-6 1402
7.35637168576251E-6 1403
7.43891977149391E-6 1404
8.36078247590778E-6 1405
9.21723292372353E-6 1406
9.22194022366496E-6 1407
9.62536712712393E-6 1408
9.74260280854662E-6 1409
9.89936867007635E-6 1410
1.01409131196666E-5 1411
1.04176933725271E-5 1412
1.1497835172926E-5 1413
1.15125378444476E-5 1414
1.18488225966313E-5 1415
1.22804389206711E-5 1416
1.2682986301406E-5 1417
1.2748693273656E-5 1418
1.2759512517343E-5 1419
1.2953997422952E-5 1420
1.34191454270681E-5 1421
1.38276420329002E-5 1422
1.3968753672711E-5 1423
1.47659681261213E-5 1424
1.52876221261768E-5 1425
1.57622193633129E-5 1426
1.61137679190581E-5 1427
1.66095976829259E-5 1428
1.67325307023504E-5 1429
1.74580387712261E-5 1430
1.82437572813904E-5 1431
1.98064753823828E-5 1432
1.99422631988067E-5 1433
2.05215285875543E-5 1434
2.10814569789117E-5 1435
2.13153692077101E-5 1436
2.13185373438118E-5 1437
2.13624423013522E-5 1438
2.15039268930239E-5 1439
2.15539355334001E-5 1440
2.19551306224282E-5 1441
2.19739852780114E-5 1442
2.21643891183807E-5 1443
2.37438542281238E-5 1444
2.55945613380898E-5 1445
2.76497420627205E-5 1446
2.86625861463442E-5 1448
2.8841150903227E-5 1449
2.92868054907141E-5 1450
2.94204941340002E-5 1451
3.13587414358439E-5 1452
3.13653493777681E-5 1453
3.22396049593227E-5 1454
3.42748658886762E-5 1455
3.56386923175447E-5 1456
3.64689163938081E-5 1457
3.74758756486878E-5 1458
3.7759490063568E-5 1459
3.88178600046311E-5 1460
4.03681885440347E-5 1461
4.26091095641201E-5 1462
4.31242689006924E-5 1463
4.3171752877515E-5 1464
4.40749231516816E-5 1465
4.60964331422214E-5 1466
4.62232561081471E-5 1467
4.83818272474747E-5 1468
4.84962263520582E-5 1469
5.12292571774057E-5 1470
5.26442133938544E-5 1471
5.30886036359956E-5 1472
6.04354020622807E-5 1473
6.10582602624222E-5 1474
6.22754217626813E-5 1475
7.24753117512031E-5 1476
8.1690952487325E-5 1477
8.23114296355905E-5 1478
8.26397078980559E-5 1479
8.27047530037624E-5 1480
8.27078906256416E-5 1481
8.40940145490863E-5 1482
8.45270206036058E-5 1483
8.73911602629935E-5 1484
9.40799737491688E-5 1485
9.5730039120785E-5 1486
9.6251009390108E-5 1487
1.04557170814701E-4 1488
1.07930800987812E-4 1489
1.11509627685933E-4 1490
1.13440050494165E-4 1491
1.15919542691303E-4 1492
1.40561540931275E-4 1493
1.41780251825774E-4 1494
1.42250936109781E-4 1495
1.43289484146437E-4 1496
1.47144328720745E-4 1497
1.50400040697131E-4 1498
1.55530239523828E-4 1499
1.62711586415622E-4 1500
1.63010597135196E-4 1501
1.66227283280281E-4 1502
1.7443195830726E-4 1503
1.81193737854446E-4 1504
1.81355629483793E-4 1505
1.82654115801051E-4 1506
1.83027123702944E-4 1507
1.8331639117413E-4 1508
1.90491114013543E-4 1509
2.12075720688203E-4 1510
2.13856345274191E-4 1511
2.15925335404343E-4 1512
2.16361731723872E-4 1513
2.2687749933837E-4 1514
2.35717812012586E-4 1515
2.4078924398809E-4 1516
2.4589099742542E-4 1517
2.47194274740545E-4 1518
2.49059422079957E-4 1519
2.55778702676682E-4 1520
2.56895805321783E-4 1521
2.56952323372417E-4 1522
2.60795125225307E-4 1523
2.64087481755544E-4 1524
2.75290597464862E-4 1525
2.76756803896495E-4 1526
2.7889019232494E-4 1527
2.82803093010755E-4 1528
2.8647118040784E-4 1529
2.94807954148911E-4 1530
2.94987094561079E-4 1531
3.07905286669889E-4 1532
3.11207376258124E-4 1533
3.28851034138814E-4 1534
3.41818286582538E-4 1535
3.48292793410068E-4 1536
3.642675083841E-4 1537
3.65075443293218E-4 1538
3.73533959856065E-4 1539
3.93764025466256E-4 1540
3.97541339305874E-4 1541
3.97882013514313E-4 1542
4.03173277118163E-4 1543
4.05042097560674E-4 1544
4.19645788321286E-4 1545
4.468585231704E-4 1546
4.65226582460568E-4 1547
4.74614646681116E-4 1548
4.99658097160116E-4 1549
5.27084374854769E-4 1550
5.31073242390638E-4 1551
5.42104406146149E-4 1552
5.57405508988854E-4 1553
5.76216795041602E-4 1554
5.78994417036656E-4 1555
5.81578278539393E-4 1556
5.87709886949493E-4 1557
5.88077795355246E-4 1558
6.125227026418E-4 1559
6.16057360299726E-4 1560
6.23758443703238E-4 1561
6.26919893333345E-4 1562
6.47158390530798E-4 1563
6.60822535305537E-4 1564
6.62789453543729E-4 1565
6.80594679870487E-4 1566
6.87083044029399E-4 1567
6.91249963862785E-4 1568
6.95938597186557E-4 1569
6.96601543373899E-4 1570
6.99544058629653E-4 1571
7.00137730269378E-4 1572
7.16802153053262E-4 1573
7.2401489132155E-4 1574
7.5322482236391E-4 1575
7.82909263321135E-4 1576
8.06094896849601E-4 1577
8.06308712815998E-4 1578
8.08136614464205E-4 1579
8.11273034193451E-4 1580
8.12333826592719E-4 1581
8.68418373952312E-4 1582
8.9390383608215E-4 1583
9.11475360819641E-4 1584
9.27920700075283E-4 1585
9.49332640869288E-4 1586
0.0010458097923312 1587
0.00107836261382265 1588
0.0011114364966453 1589
0.00111228772308556 1590
0.00112134507233062 1591
0.00113502227310615 1592
0.00114034025504518 1593
0.0011796148372477 1594
0.0011865052327555 1595
0.00118857450815349 1596
0.00118937433606437 1597
0.00125939535136502 1598
0.00127157654496277 1599
0.00131797187933548 1600
0.00135751070744163 1601
0.00136268550690734 1602
0.00136587393610862 1603
0.00141559942595292 1604
0.00144036012186049 1605
0.00156470850131106 1606
0.00156497681648727 1607
0.00159253983207875 1608
0.00165430343405384 1609
0.00169715426134058 1610
0.00169877505080942 1611
0.00178707439924021 1612
0.00180353373349945 1613
0.00182880001251933 1614
0.00189494285088865 1615
0.0019159876088334 1616
0.00193360261940884 1617
0.00200967738508876 1618
0.00205456230739192 1619
0.0021391187970788 1620
0.00247462495304294 1621
0.00261770753456072 1622
0.00263730740968274 1623
0.00265198729955625 1624
0.00274846657118777 1625
0.00283972691417763 1626
0.00285327608504213 1627
0.00311421779333806 1628
0.00323941559800432 1629
0.00331611030121408 1630
0.00335499497554093 1631
0.00335825105857275 1632
0.00340805796008504 1633
0.00346052805746802 1634
0.0034674671287811 1635
0.00351714903145826 1636
0.003659280632231 1637
0.00392726494062698 1638
0.00404870143125796 1639
0.00424088987441686 1640
0.00430623454029576 1641
0.00448253159987727 1642
0.00449616695867999 1643
0.00457792379083364 1644
0.00492270973350677 1645
0.00497490116722057 1646
0.00504502704873612 1647
0.00520260300666751 1648
0.0052064520742717 1649
0.00529130195209742 1650
0.0054707768258775 1651
0.0058040013708511 1652
0.0058047299427761 1653
0.00581394395294903 1654
0.00591460309273126 1655
0.00599990530542915 1656
0.00603307981053068 1657
0.0061115288218261 1659
0.00625708085843359 1660
0.00633376623352887 1661
0.00634489681017188 1662
0.00648371600341541 1663
0.00663642879197966 1664
0.00674327293029588 1665
0.00712840924623272 1666
0.00760268411065968 1667
0.00768471003232643 1668
0.00769807553666015 1669
0.00773484164425395 1671
0.00774731858471257 1672
0.00775012872092855 1673
0.00781405817469378 1674
0.00794726620695278 1675
0.00800110791222083 1676
0.0080517765333089 1677
0.00820606053870679 1678
0.00837293251196664 1679
0.00851524654159237 1680
0.00879442772533227 1681
0.00905270394608878 1682
0.00910037789426392 1683
0.0094885587413816 1684
0.00971712258433383 1685
0.00997168958546198 1686
0.0101120795954612 1687
0.0101379206376049 1688
0.0101943880197859 1689
0.0105959457101592 1690
0.0109612273270848 1691
0.0112018717859862 1692
0.0120709504805585 1693
0.0122305723879597 1694
0.0123055412900115 1695
0.0129371067940908 1696
0.0129660834642726 1697
0.0130459832005064 1698
0.0130588024519986 1699
0.0131030181209124 1700
0.0131788750209903 1701
0.0131978424877743 1702
0.0133508729312472 1703
0.0142753118728145 1704
0.0144707010527836 1705
0.0152322802233715 1706
0.0152935754576933 1707
0.0155487197613724 1708
0.0160608758834435 1709
0.0162732426761161 1710
0.0166694934889687 1711
0.0168968081076417 1712
0.016963138478105 1713
0.0170161192750526 1714
0.0170400650079578 1715
0.0175115708850273 1716
0.0176847561145514 1717
0.0177818266000961 1718
0.0182595063761827 1719
0.0184284384764632 1720
0.0193280848545558 1721
0.0194733111224077 1722
0.0202875746834764 1723
0.0203389749719613 1724
0.0203671131873222 1725
0.0204225757656667 1726
0.020436988194846 1727
0.0204964898523113 1728
0.0207991798327874 1729
0.0208717839008235 1730
0.0219628120570908 1731
0.0222530768770573 1732
0.0222550141084965 1733
0.0223142446223288 1734
0.0223636497826331 1735
0.0225449373943443 1736
0.022692874482593 1737
0.0227731399886621 1738
0.0228261412191807 1739
0.0228552472013381 1740
0.0228554819225026 1741
0.0232815538931382 1742
0.0233947157709339 1743
0.0237319342950564 1744
0.0238738688954106 1745
0.0239750630293168 1746
0.0249591392257979 1747
0.0256344808459571 1748
0.0259372902720059 1749
0.0260547182368744 1750
0.0264749556277917 1751
0.0266797983845398 1752
0.0269522675336926 1753
0.0278493153675767 1754
0.0288543038501182 1755
0.028934731773592 1757
0.0293538699670387 1758
0.02939236689436 1759
0.0295141854398479 1760
0.0295356938190529 1761
0.0296564732547025 1762
0.0296732383683407 1763
0.0310199866045361 1764
0.0314341550068023 1765
0.031981541941351 1766
0.0324489847902604 1767
0.0348560330984123 1768
0.0349590514942493 1769
0.035418676392649 1770
0.0377899300000399 1771
0.0379008752033234 1772
0.0383633116961734 1773
0.0384192920718949 1774
0.0387122428763671 1775
0.0387254154860252 1776
0.0408384336201709 1777
0.040922392938288 1778
0.0419064379646139 1779
0.0423313092037334 1780
0.0427347666521443 1781
0.0427841826978303 1782
0.0428063652974767 1783
0.0431866268811423 1784
0.0459195785721129 1785
0.0478133935737823 1786
0.0483793570569954 1787
0.0500081482116727 1788
0.0502122436708956 1789
0.0503802630335365 1790
0.0509422801049465 1791
0.0514088420207866 1792
0.051523053420024 1793
0.0520916139660852 1794
0.053716852277159 1795
0.0545592236168065 1796
0.0551727417247138 1797
0.056334815486191 1798
0.0564405761553171 1799
0.0573416441960242 1800
0.0580035771317942 1801
0.0581521498747208 1802
0.0611368320480036 1803
0.0611815988081818 1804
0.0629133022063354 1805
0.0630428886133607 1806
0.0637210944026349 1807
0.0646611842689866 1808
0.0646821213640063 1809
0.0649643727324414 1810
0.06515644041155 1811
0.0651602204244628 1812
0.0653207195170847 1814
0.0653336013055623 1815
0.0656307594590936 1816
0.0657120890132135 1817
0.0659995830328909 1818
0.066151140461082 1819
0.066279021746026 1820
0.0672769944966629 1821
0.0672911916850062 1822
0.0674814628385245 1823
0.0730225674997942 1824
0.0742871976002586 1825
0.0755413593820279 1826
0.0766161341338859 1827
0.0769820667463736 1828
0.0769836740430763 1829
0.0798652969785038 1830
0.0808020262137569 1831
0.081306797086471 1832
0.0817734747117956 1833
0.0823859876013565 1834
0.0827345114558401 1835
0.0838374746284975 1836
0.0846520553695592 1837
0.0848224416961772 1838
0.0848460983590687 1839
0.0849214509105458 1840
0.0854066864466959 1841
0.0897942937834901 1842
0.0905700993163463 1843
0.0909946774110565 1844
0.0929610283636467 1845
0.0937103367871117 1846
0.0944185712276361 1847
0.0986906313751939 1848
0.100068688752375 1849
0.100781209733102 1850
0.100869540181087 1851
0.102498782918605 1852
0.104680626005351 1853
0.105456679448569 1854
0.105699820634965 1855
0.107622958605708 1856
0.109000938152658 1857
0.109495132783038 1858
0.110408594117719 1859
0.111078241839449 1860
0.1113220554524 1861
0.111565869065351 1862
0.11235365264004 1863
0.112758185516827 1864
0.113162837309966 1865
0.117637141364824 1866
0.120705124575343 1867
0.124026648045618 1868
0.126707096168324 1869
0.127222605748392 1870
0.128364299448348 1871
0.12930822223607 1872
0.132522868972248 1873
0.13319846549876 1874
0.133326217025256 1875
0.136964007415113 1876
0.137850721282444 1877
0.13838242442802 1878
0.144346088915947 1879
0.144927359022884 1880
0.14554677744594 1881
0.145548079040591 1882
0.146081803921605 1883
0.147031731543312 1884
0.14707298594281 1885
0.147206648945187 1886
0.147393220871419 1887
0.147650671956416 1888
0.151929818502218 1889
0.155172045584643 1890
0.156444425111973 1891
0.161953036134224 1892
0.16370569337362 1893
0.165264693338254 1894
0.171795143494891 1895
0.171825255473987 1896
0.171922414138596 1897
0.173513194375102 1898
0.175953187825613 1899
0.181138370315901 1900
0.181489214237505 1901
0.181857789936302 1902
0.182027242713025 1903
0.182415426981053 1904
0.183273578777529 1905
0.183513310891043 1906
0.186770408181268 1907
0.187549472702219 1909
0.187651343591324 1910
0.188172879945178 1911
0.188681178400955 1912
0.188964685884537 1913
0.189107601744122 1914
0.189412189846384 1915
0.190105788013437 1916
0.190665730786024 1917
0.190753588363643 1918
0.191305382050612 1919
0.192106705557876 1920
0.192501507973022 1921
0.212075110162863 1922
0.215839711755022 1923
0.216139600886428 1924
0.219796233618759 1925
0.222135257314674 1926
0.222555345900841 1927
0.227168246190649 1928
0.228709282757597 1929
0.230274483230434 1930
0.24311020075722 1931
0.243454956700622 1932
0.243929707262422 1933
0.244953310574349 1934
0.244960963107401 1935
0.245978703621324 1936
0.246425250452977 1937
0.247162716942189 1938
0.247300247372656 1939
0.247995058137905 1940
0.248049052826483 1941
0.250072908575662 1942
0.25089912746992 1944
0.251318243213286 1945
0.251786566628592 1946
0.251895828947717 1947
0.254878226395414 1948
0.259055827866155 1949
0.262441134713793 1950
0.26468342067398 1951
0.267543640215504 1952
0.268124327339422 1953
0.26947701807576 1954
0.272354966799065 1955
0.272640740247594 1956
0.275973812239034 1957
0.276637039163788 1958
0.277743555686114 1959
0.279214119134845 1960
0.28017039060803 1961
0.28334600826975 1962
0.289041595948707 1963
0.289119978395984 1964
0.289715957291959 1965
0.295968682027971 1966
0.296079659466416 1967
0.29654329660586 1968
0.296898502483661 1969
0.297005082600665 1970
0.297115342301706 1971
0.299461095233058 1972
0.302007472059022 1973
0.303672573981303 1974
0.305436133510018 1975
0.309116112606417 1976
0.312124924438881 1977
0.318582063746319 1978
0.318632036334732 1979
0.31921953657911 1980
0.319793127234901 1981
0.319910946545757 1982
0.319918931072694 1983
0.319928925590376 1985
0.322568712144634 1986
0.322738563509189 1987
0.326317557545363 1989
0.326509407936029 1990
0.326555360542949 1991
0.327684408424785 1992
0.328939365055002 1993
0.329253104212557 1994
0.329974463113453 1995
0.330022460329918 1996
0.332989744171237 1997
0.337636674327061 1998
0.339095103489388 1999
0.341205694820671 2000
0.341427836960314 2001
0.342872066412513 2002
0.342977416569501 2003
0.344217307698324 2004
0.345297534673737 2005
0.356259260720304 2006
0.358201074078909 2007
0.358596947378172 2008
0.360428097014734 2009
0.36528572955112 2010
0.365541291450157 2011
0.366601128664514 2012
0.368171326361085 2013
0.376059706869785 2014
0.380339202099099 2015
0.38046142404903 2016
0.390196110285657 2017
0.392802101590417 2018
0.399927582590538 2019
0.401460361790249 2020
0.403130357257223 2021
0.414703713398666 2022
0.415592364370734 2023
0.415630763652938 2024
0.416066058664443 2025
0.416484772489738 2026
0.416773871211805 2027
0.417204524108261 2028
0.419043278371562 2029
0.419152882182942 2030
0.419366911949003 2031
0.419369668604494 2032
0.42302073433697 2033
0.423344367914412 2034
0.423396580891752 2035
0.423584504169143 2036
0.423949850207078 2037
0.424067329023375 2038
0.424650758467828 2039
0.424758934150681 2040
0.425768925328244 2041
0.426183928502075 2042
0.426494508835181 2043
0.427962827030248 2044
0.428230083519681 2045
0.430677737873554 2046
0.434006578352297 2047
0.443951028556115 2048
0.444627360908342 2049
0.444901516990631 2050
0.446062788710031 2051
0.457949184196935 2052
0.461462918644411 2053
0.463033940077793 2054
0.46332939047545 2055
0.46366258906639 2056
0.464272130544472 2057
0.46436238277137 2058
0.468129853013559 2059
0.468977328731055 2060
0.479913078165182 2061
0.48366430215152 2062
0.487620447510956 2063
0.488848093594743 2064
0.490885581535432 2065
0.493332328635138 2066
0.50159917011798 2067
0.512049152828772 2068
0.51514672293264 2069
0.519527814605747 2070
0.522499135539563 2071
0.523415589643475 2072
0.524851708038928 2073
0.534983464563982 2074
0.540372414996389 2075
0.543306214857621 2076
0.546578497752856 2077
0.547287470316255 2078
0.548112350810129 2079
0.548698652952778 2080
0.549332670765672 2081
0.552485617205505 2082
0.554281953728915 2083
0.554426779074879 2084
0.554673737070371 2085
0.555007974357371 2086
0.556139780303669 2087
0.557697383634884 2088
0.559013134930917 2089
0.559384669277674 2090
0.560730395391483 2091
0.561521872542654 2092
0.564662702130965 2093
0.569654106957057 2094
0.570118603747703 2095
0.574265028043064 2096
0.574457097467877 2097
0.575239907767253 2098
0.575940280400177 2099
0.582562484735441 2100
0.584811443295736 2101
0.591317463682076 2102
0.592594592577463 2103
0.594375996047427 2104
0.602588379455728 2105
0.603366008038281 2106
0.61521455728042 2107
0.615890531613601 2108
0.620143665456197 2109
0.621672972067001 2110
0.622393865738869 2111
0.624679215798736 2112
0.630791735676384 2113
0.631366123012735 2114
0.632692899753991 2115
0.634896341708099 2116
0.636800573671433 2117
0.639424673623029 2118
0.640566745051201 2119
0.652058052790166 2120
0.654481477403576 2121
0.658717137117661 2122
0.663708542146548 2123
0.664013452128797 2124
0.667014904791621 2125
0.667455917175429 2126
0.674825742417104 2127
0.6783267011259 2128
0.678830241944822 2129
0.687784372033998 2130
0.688051576866142 2131
0.68939500319313 2132
0.693504069973787 2133
0.697488187759601 2134
0.707448221105105 2135
0.709490829496879 2136
0.709579891346865 2137
0.709755698509686 2138
0.711146935311546 2139
0.712687236021503 2140
0.71272728915427 2141
0.713159165027525 2142
0.715856899291405 2143
0.719413907509567 2144
0.720869624161764 2145
0.721973694704876 2146
0.723914650241138 2147
0.724680384553208 2148
0.724814229582867 2149
0.725245729702808 2150
0.726959676320512 2151
0.729710897093838 2152
0.731428408760866 2153
0.741957184582464 2154
0.742011689573843 2155
0.746473527154464 2156
0.747551838368893 2157
0.749397674349474 2158
0.751586359428527 2159
0.751988999147607 2160
0.75533906580274 2161
0.757900855008057 2162
0.758499520224371 2163
0.759682328352762 2164
0.760137866851956 2165
0.761173116104054 2166
0.771957849018827 2167
0.772967728871276 2168
0.779550443279261 2169
0.786989747906099 2170
0.78862726273654 2171
0.789145275710978 2172
0.795076181633471 2173
0.801416844558375 2174
0.803607130822959 2175
0.80517385499629 2176
0.811025555981239 2177
0.811069942203257 2178
0.828812055657637 2179
0.835991812189037 2180
0.839533882935011 2181
0.84517572612835 2182
0.84793924824795 2183
0.848731484641674 2184
0.852891738683806 2185
0.854270394400377 2186
0.857155578144186 2187
0.860091758803714 2188
0.860535973483822 2189
0.861137030735269 2190
0.863744639070273 2191
0.863931889129038 2192
0.86577002181937 2193
0.871388662053546 2194
0.871562345803515 2195
0.879559277511933 2196
0.880895946003736 2197
0.886428099857872 2198
0.892225792467545 2199
0.895855800319447 2200
0.901597442470945 2201
0.901721577967234 2202
0.904489794544208 2203
0.906483378563659 2204
0.909667741837164 2205
0.909953631671413 2206
0.910303784248086 2207
0.911468272120383 2208
0.91328965476428 2209
0.916557552409728 2210
0.922507394218201 2211
0.926931898808443 2213
0.928786660800971 2214
0.929466865243331 2215
0.93048389858141 2216
0.930583263604345 2217
0.930684803761844 2218
0.932150916225836 2219
0.932321707218566 2220
0.933775203064775 2221
0.934938064259427 2222
0.9350194548654 2223
0.93750795846665 2224
0.938083540886218 2225
0.939217322486294 2226
0.94085699225548 2227
0.94123082517013 2228
0.941766621448956 2229
0.943229177478423 2230
0.945461812906239 2232
0.946700216529106 2233
0.947200256520459 2236
0.950934800052775 2237
0.953415667345827 2238
0.953590144913289 2239
0.953840164908965 2240
0.95455529712366 2242
0.95706703214173 2243
0.957751061571259 2244
0.957980880027998 2245
0.959014719801534 2247
0.960218356946279 2248
0.967722858660124 2249
0.967998983232536 2250
0.969541149348996 2251
0.973657572587896 2252
0.984567837248828 2253
1.00579592564551 2254
1.01337175082055 2255
1.0159768810272 2256
1.01677533017877 2257
1.02248947471601 2258
1.02277799357741 2259
1.02696816272353 2260
1.02802193960336 2261
1.03400905621784 2262
1.03541382259944 2263
1.03632512394714 2264
1.04322441457963 2265
1.04351691140021 2266
1.04586378021589 2267
1.04896512228118 2268
1.05986968132052 2269
1.06114322613389 2270
1.06417541649759 2271
1.06817931676451 2272
1.07121456436559 2273
1.0734077534367 2274
1.09022091310807 2275
1.09194235729134 2276
1.09466906387631 2277
1.09725680298643 2278
1.1075692767569 2279
1.11416180227966 2280
1.11572696402607 2281
1.1165614442692 2282
1.12089344168972 2283
1.12172614691424 2284
1.12608466579039 2285
1.12667789370692 2286
1.12926823271937 2287
1.13289197595635 2288
1.13293659517578 2289
1.14114668260147 2290
1.15045465451467 2291
1.15094573468908 2292
1.15150635346025 2293
1.15733714944269 2294
1.15889839767056 2295
1.17130766155297 2296
1.17766223148246 2297
1.18057976318519 2298
1.20302732237876 2299
1.20851205672542 2300
1.21035997286451 2301
1.21039031403451 2302
1.2106105508379 2303
1.21283269072573 2304
1.21285068734175 2306
1.21303294501846 2307
1.21392131953195 2308
1.21526544356561 2310
1.21547085713626 2311
1.21566030008903 2312
1.2157286203857 2314
1.21647149746802 2315
1.21829467464239 2316
1.22017091426671 2317
1.22064936700018 2318
1.22117322616025 2319
1.22226677222053 2321
1.22483740267843 2322
1.2264052330881 2323
1.22688368582156 2324
1.22879728609866 2325
1.23080954784243 2326
1.23089816755904 2327
1.2315005994226 2329
1.23189545594601 2330
1.23213839596271 2331
1.23384703423626 2332
1.23488732637001 2333
1.23590618265973 2334
1.2367060832271 2335
1.23774255620067 2336
1.24242015214169 2337
1.24310356576517 2338
1.24519942371898 2339
1.2453513402257 2340
1.24542729847906 2341
1.24975565498003 2342
1.24996825382674 2343
1.251161776128 2344
1.25286867002227 2345
1.25408401148101 2346
1.26512773571983 2347
1.26580673368755 2348
1.27035251366184 2349
1.27434488347717 2350
1.2826766701015 2351
1.28408932052473 2352
1.29295070176541 2353
1.29397815206869 2354
1.29463652611762 2355
1.29912695787824 2356
1.30188287434599 2357
1.3035599316785 2358
1.30364675901214 2359
1.31999132612262 2360
1.32312606123444 2361
1.32826871428082 2362
1.33367548140535 2363
1.33554892690905 2364
1.3395182505887 2365
1.34384042621156 2366
1.35998040088522 2367
1.36044479394633 2368
1.36666977156551 2369
1.36698840945004 2370
1.36701008873245 2371
1.36942212900976 2372
1.38829437438004 2373
1.3888517178134 2374
1.38939614837053 2375
1.3907137859686 2376
1.39403552650376 2377
1.40073913162403 2378
1.40134987652946 2379
1.41124696533464 2380
1.41193488825871 2381
1.41863681012838 2382
1.4215727337318 2383
1.42762622462234 2384
1.43133377691793 2385
1.43285129614108 2386
1.43501528394159 2387
1.43902239198164 2388
1.44259575124599 2389
1.44440784991377 2390
1.44867866180289 2391
1.45264411933917 2392
1.45419179405626 2393
1.45444754370486 2394
1.45717496704477 2395
1.4688507834867 2396
1.47304536757864 2397
1.490627430939 2398
1.49969538126754 2399
1.51408673641778 2400
1.52656287330858 2401
1.53172621772488 2402
1.53810404994446 2403
1.54496588546272 2404
1.55475149931181 2405
1.56808521438527 2406
1.57421963623433 2407
1.58077907918073 2408
1.58110634414893 2409
1.58112783933369 2410
1.58149318687305 2411
1.58239148397863 2412
1.58277604881664 2413
1.58427008892569 2414
1.5861784209266 2415
1.58774114770993 2416
1.58875286905562 2417
1.59236275918618 2418
1.59277925322514 2419
1.59305445214222 2420
1.59359256546858 2421
1.59476279399506 2422
1.59687466149754 2423
1.59741217211497 2424
1.59845028490967 2425
1.59999930861251 2426
1.60089187444635 2429
1.60612018160615 2430
1.60748705121215 2432
1.60870688201419 2434
1.60953436731523 2435
1.61070039826448 2436
1.61281279490036 2437
1.61441946842652 2439
1.61854505714716 2440
1.62044934432669 2442
1.62067740474377 2443
1.62469718134921 2444
1.62472687532525 2445
1.62562628118821 2447
1.62628081112461 2448
1.62647922022686 2449
1.62727258150957 2450
1.62822472509934 2451
1.63095908553351 2452
1.63250909612702 2453
1.63308084115585 2454
1.63396680437627 2455
1.63406616737762 2456
1.63788444209079 2457
1.65020623019208 2458
1.65956684676453 2459
1.65994473624333 2460
1.66750582425807 2461
1.67525671474462 2462
1.6756859253959 2463
1.67972541531052 2464
1.68155127117715 2465
1.68717222742785 2466
1.68809512580194 2467
1.68824910307503 2468
1.69240298829845 2469
1.69706704336193 2470
1.69820543686441 2471
1.69903715602803 2472
1.69988941776487 2473
1.70988334523014 2474
1.71012496257827 2475
1.71580232535534 2476
1.71598910064662 2477
1.72629028911293 2478
1.72882820036699 2479
1.73375980651786 2480
1.7488201757354 2481
1.75101232951558 2482
1.76462348046371 2483
1.7657574568212 2484
1.7883259666653 2485
1.78989045493785 2486
1.79448653538204 2487
1.79663290846634 2488
1.79877287950897 2489
1.80285303095809 2490
1.80490191202773 2491
1.81004776813507 2492
1.81633214519949 2493
1.81675742799518 2494
1.81905832740939 2495
1.81926563888935 2496
1.82721529579508 2497
1.83709050763488 2498
1.8415558184652 2499
1.84684500617916 2500
1.85157319290271 2501
1.8761468037006 2502
1.88030576873701 2503
1.88557769540199 2504
1.88598865857281 2505
1.88684981293846 2506
1.89203542607148 2507
1.89408748178063 2508
1.89557490929687 2509
1.90721738434567 2510
1.92205422715667 2511
1.92213086561325 2512
1.92249338626934 2513
1.92373199160745 2514
1.93052497664391 2515
1.95039010678682 2516
1.95700579904971 2517
1.95730830806352 2518
1.96064677646161 2519
1.96192811154168 2520
1.97441947167125 2521
1.98249443438432 2522
1.98741469516257 2523
1.98904469553086 2524
1.99291072066156 2525
2.00951341531618 2526
2.01776377895081 2527
2.02614356627083 2528
2.0275016123237 2529
2.03260442081231 2530
2.04469520626871 2531
2.04947651757912 2532
2.04973425996555 2533
2.0549645222851 2534
2.05640111375513 2535
2.06105663158248 2536
2.06531274829906 2537
2.06783855019341 2538
2.06875042354325 2539
2.06912081404882 2540
2.07035428750232 2541
2.07312322753292 2542
2.07360240301534 2543
2.07365415721262 2544
2.07371893979074 2545
2.07550316291645 2546
2.07693129328268 2548
2.07809596540598 2549
2.07969016872783 2550
2.08008802989558 2551
2.08023412678836 2552
2.0812963454738 2555
2.08221597062218 2557
2.08282471126083 2558
2.08505265702627 2559
2.08782743899819 2560
2.0885498382663 2561
2.08966381114902 2562
2.09193048273092 2564
2.09235790401606 2565
2.09484498009395 2567
2.09740950780476 2568
2.09803127682424 2570
2.09943007745504 2571
2.09944310583587 2572
2.10079843221283 2573
2.10129538451346 2575
2.10222803804267 2576
2.10352333027891 2577
2.10404123157779 2578
2.10462427288139 2579
2.10961109599139 2580
2.1101420256711 2581
2.11273089816275 2582
2.1151288468817 2583
2.11654766529226 2584
2.11667024104956 2585
2.11753811200065 2586
2.11908005384846 2587
2.11924779714119 2588
2.12398851642017 2590
2.12424764673262 2591
2.1252838086564 2592
2.12767038217739 2593
2.13150113952511 2595
2.13378083948784 2596
2.13914332778629 2597
2.14282637389503 2598
2.15810610414528 2599
2.16519701377069 2600
2.16560252554863 2601
2.17191607785123 2602
2.17419111465333 2603
2.17944545628047 2604
2.17952411287003 2605
2.18395370632387 2606
2.19056253577068 2607
2.19081173319335 2608
2.2006729398773 2609
2.20664032649593 2610
2.21716524542622 2611
2.22188444791344 2612
2.22298090791105 2613
2.23085425011384 2614
2.23811807735244 2615
2.24436281008417 2616
2.24789694600358 2617
2.27708783866688 2618
2.28599219936822 2619
2.2867991280616 2620
2.28856596911139 2621
2.29469975773368 2622
2.31249232311906 2623
2.33166686416595 2624
2.33537192826938 2625
2.33781282384372 2626
2.34534453859296 2627
2.35422906634548 2628
2.35904552696224 2629
2.36368929874372 2630
2.3664901889732 2631
2.37128749915669 2632
2.37880578203311 2633
2.38211277089074 2634
2.38273730310181 2635
2.39035051852717 2636
2.39285866844942 2637
2.39583463228475 2638
2.40399805392878 2639
2.40953785745397 2640
2.41604213913125 2641
2.41736796864474 2642
2.42319179728487 2643
2.4317010227694 2644
2.4431973491472 2645
2.44770884938131 2646
2.45439578704618 2647
2.45876924539348 2648
2.45950198877524 2649
2.46528695547723 2650
2.46749344012742 2651
2.46932780207926 2652
2.47373391201828 2653
2.48019585519191 2654
2.48880787184046 2655
2.48941079973947 2656
2.49064416161021 2657
2.49479390687742 2658
2.51206976017819 2659
2.51337436268655 2660
2.5144088090832 2661
2.51912144936991 2662
2.52017332292899 2663
2.53353317601666 2664
2.54127352473405 2665
2.54142758329123 2666
2.5428851845378 2667
2.55016423876209 2668
2.56518054278132 2669
2.5671894150092 2670
2.56736669125707 2671
2.57021219022305 2672
2.57224473942936 2673
2.5862468366212 2674
2.59313624972862 2675
2.59597963002826 2676
2.59639541703424 2677
2.59721351611033 2678
2.60099082458607 2679
2.60652310768582 2680
2.61314770799757 2681
2.61514806837952 2682
2.62173823399281 2683
2.62253606626317 2684
2.629340468183 2685
2.65325246240507 2686
2.65785598134187 2687
2.67464567942306 2688
2.67540209702461 2689
2.69146007065863 2690
2.69606227610979 2691
2.69738198360089 2692
2.70068078303433 2693
2.70194944374851 2695
2.7043345634347 2697
2.70732895938384 2698
2.70758278538553 2699
2.70820860794647 2700
2.70827620102139 2701
2.71264088194424 2702
2.71666712819816 2703
2.71820743436614 2704
2.71945827562821 2706
2.720490125933 2707
2.72224942305826 2708
2.72918545659408 2709
2.73214582135859 2710
2.733211702848 2711
2.73376993233401 2713
2.7351061861231 2714
2.7357369286566 2715
2.73595227279543 2716
2.74194059539938 2717
2.74254987166232 2718
2.74349711329987 2719
2.75087273646985 2721
2.75104195380432 2722
2.75320727867343 2724
2.75331172881785 2725
2.75378252375175 2726
2.75447593938761 2728
2.75593083302856 2729
2.75740274226182 2730
2.75931200521305 2731
2.76197020240944 2732
2.76244382322821 2733
2.76406793420363 2734
2.76445694635517 2735
2.7655904209195 2736
2.76736673363707 2737
2.77289845101456 2738
2.77570661403691 2739
2.776197250448 2743
2.77733072501233 2744
2.78174596301506 2745
2.78249784877099 2746
2.78382669961968 2747
2.78457116203246 2748
2.79023980491841 2749
2.79517261684657 2750
2.79798735848428 2751
2.80839470499613 2752
2.81113313592046 2753
2.81335516469874 2754
2.81477237529801 2755
2.81513385856224 2756
2.83065179718225 2757
2.85836189421117 2758
2.8652636134209 2759
2.87929001145835 2760
2.88417133253945 2761
2.89602400403835 2762
2.90069842787192 2763
2.90443778435156 2764
2.90579911371078 2765
2.91060388338315 2766
2.92747254872749 2767
2.93549283399265 2768
2.94072694664077 2769
2.94214751458805 2770
2.96195786466606 2771
2.99340989523946 2772
3.00076299184885 2773
3.02457837905168 2774
3.04538076071395 2775
3.05739042453825 2776
3.08214343975844 2777
3.08533323573645 2778
3.09738595831415 2779
3.11477269728524 2780
3.13406254820184 2781
3.1384741069834 2782
3.14474198140599 2783
3.1531130989984 2784
3.15365692754669 2785
3.15678712794388 2786
3.17385084214898 2787
3.17515435779894 2788
3.1833723247057 2789
3.18684042647181 2790
3.18721876815632 2791
3.21767277788154 2792
3.21976447566463 2793
3.22581800038401 2794
3.244418848614 2795
3.25127119199209 2796
3.28584632012785 2797
3.30048888266192 2798
3.30801889272489 2799
3.30838184655448 2800
3.31181907282059 2801
3.32250413693713 2802
3.32684445363578 2803
3.327923084044 2804
3.33705929643897 2805
3.33891244735456 2806
3.35928101408213 2807
3.37414850877569 2808
3.37496522257902 2809
3.38505597341172 2810
3.38674082499176 2811
3.41338962185138 2812
3.42853294762333 2813
3.43351638896325 2814
3.44448056576165 2815
3.46129606622801 2816
3.47205327747946 2817
3.47267569041425 2818
3.48285395657895 2819
3.48570072834339 2820
3.49319543693004 2822
3.50216126343251 2823
3.50549844590756 2824
3.52116637842566 2825
3.52233745807879 2826
3.52319925375914 2828
3.52367493901524 2829
3.52938554613197 2831
3.53722876071018 2833
3.53725261875158 2834
3.537274482801 2835
3.54741413459464 2836
3.55015385716341 2837
3.55172250007906 2838
3.55276085433889 2840
3.55300192797205 2841
3.55307013831167 2842
3.55508624582465 2843
3.55656115421927 2845
3.56223938098807 2846
3.56252644190907 2847
3.56371974461397 2848
3.56641502107919 2850
3.56855329831063 2851
3.56902201825467 2852
3.57053665353542 2853
3.57215930408595 2854
3.57525275673104 2855
3.5786993265351 2858
3.58110754207932 2859
3.58311819436103 2860
3.5858579169298 2861
3.59275105653791 2862
3.59297206122094 2863
3.59655135641829 2865
3.59682331097467 2866
3.59745698528484 2867
3.59811999933393 2870
3.59935713522503 2871
3.60024115395715 2872
3.60120894631419 2873
3.60127950821699 2874
3.60377403395647 2875
3.60724479590679 2877
3.60786336385233 2878
3.610186662629 2879
3.61104509578717 2880
3.611054384771 2881
3.61687765808367 2882
3.61989032895212 2883
3.6217816795301 2884
3.62297567116675 2886
3.62363868521585 2887
3.62366029663267 2888
3.62772211937232 2889
3.63579026527847 2890
3.63623227464454 2891
3.63685084259008 2892
3.65662443046334 2893
3.66833425434207 2894
3.67300486319457 2895
3.67820139005456 2896
3.68449979571704 2897
3.68590140682455 2898
3.71560159613638 2899
3.71651930888617 2900
3.71970029017485 2901
3.72174545305387 2902
3.72254044256685 2903
3.72964682246101 2904
3.7395076506498 2905
3.76834207471803 2906
3.77828285438083 2907
3.78353887692906 2908
3.79978956617517 2909
3.80352660608293 2910
3.83169714251693 2911
3.8331590687631 2912
3.85689384945057 2913
3.86700268169445 2914
3.89815210616592 2915
3.94593919798275 2916
3.95307269288997 2917
3.95430783083925 2919
3.95735435045663 2920
3.9635779225622 2921
3.96830408578898 2922
3.97766718504424 2923
4.00098153381429 2924
4.03192055561679 2925
4.03374806588474 2926
4.03882911677631 2927
4.04480384539285 2928
4.05048474465768 2929
4.0598005337338 2930
4.0626957917538 2931
4.06936285878421 2932
4.0780478129307 2933
4.08181159506818 2934
4.08526586173173 2935
4.08867302924153 2936
4.10537469976824 2937
4.12171678017913 2938
4.12809288522241 2939
4.14107795517571 2940
4.17502035302599 2941
4.18503292534786 2942
4.21203045283253 2943
4.23595976119555 2944
4.27765489345841 2945
4.29388661418195 2946
4.3073855326229 2947
4.32010700365856 2948
4.32908384642313 2949
4.33358715169858 2950
4.35562463062331 2951
4.36206706427112 2952
4.38428609145681 2953
4.39306613750779 2954
4.40740226867355 2955
4.41863384512318 2956
4.42322049867849 2957
4.42417303031241 2958
4.42753220623109 2959
4.42807057087513 2960
4.43250520438649 2961
4.43465888103595 2962
4.43479208124008 2963
4.43508614318808 2964
4.49516254922172 2965
4.50259784355915 2966
4.51809899260766 2967
4.51992488992887 2968
4.52005117217067 2969
4.53056505185283 2970
4.55179582004018 2971
4.55531671229762 2972
4.55556635144641 2973
4.5923389451921 2974
4.59947828691627 2976
4.60031518587642 2979
4.60103678851359 2980
4.60221128611404 2981
4.60882769551046 2982
4.60952027394317 2983
4.61800375937275 2985
4.61950421256116 2986
4.61961950888413 2987
4.62256316734687 2988
4.62692020638464 2989
4.62951482518526 2990
4.62992687139491 2991
4.63543271601868 2992
4.63664452815221 2993
4.63796503253932 2994
4.63869323924589 2995
4.64004937190686 2997
4.64460877988097 2999
4.65280362425569 3002
4.65566021010506 3003
4.65788226593063 3004
4.66128710968527 3005
4.66273031495961 3006
4.663105228133 3007
4.66636505394185 3008
4.67026160510607 3009
4.68062045689744 3010
4.68119773900718 3012
4.68212091008584 3013
4.68360873161863 3014
4.68642070120955 3015
4.68731484808376 3017
4.69227819343572 3019
4.69256683449059 3022
4.69336672567581 3023
4.6962603193001 3025
4.6964384842615 3026
4.69724153878768 3027
4.69929024988136 3028
4.71120760327004 3029
4.71478579175658 3030
4.71738276075554 3031
4.71796004286527 3032
4.7198063850226 3034
4.72119154188803 3035
4.72777272893873 3036
4.7298483720495 3038
4.73392752430137 3039
4.73463837266957 3041
4.73504998211523 3042
4.73740868640042 3044
4.74043345724712 3045
4.74070970816799 3046
4.74147708438332 3047
4.74848914082896 3048
4.74880127144316 3049
4.75266409721243 3050
4.7535677825039 3051
4.75903695986731 3052
4.77748791001733 3053
4.78377248551508 3054
4.79573746316032 3055
4.80005052560118 3056
4.80918017666923 3057
4.81543939499503 3058
4.81856652248497 3059
4.82689505927729 3060
4.83724793008762 3061
4.84245430126041 3062
4.86069267229938 3063
4.86683122671135 3064
4.88566189806053 3065
4.8958185202891 3066
4.90168092748811 3067
4.91557664681115 3068
4.91559213795282 3069
4.93200222150998 3070
4.94023806095714 3071
4.97092260843176 3072
4.97573494121319 3073
4.99171328183612 3075
5.00936868548262 3076
5.01720967118316 3077
5.08155062685999 3078
5.09421482510108 3079
5.13507448138506 3080
5.14770090354031 3081
5.18276563937959 3082
5.21118525659161 3083
5.21511817965454 3085
5.21855111473305 3086
5.22388599261919 3087
5.25281987730032 3088
5.25586202502758 3089
5.26589152238617 3090
5.27487418232777 3091
5.31475248436793 3092
5.34611927765181 3093
5.36841005014592 3094
5.37038150938424 3095
5.37527218761872 3096
5.37693990153678 3097
5.38243658103975 3098
5.38897866405772 3099
5.39154692163292 3100
5.39167873381105 3101
5.40220294311512 3102
5.41311077890757 3103
5.41778968050105 3104
5.43025290711919 3105
5.43029058185419 3106
5.43137421307402 3107
5.43447407286229 3108
5.45354706921608 3109
5.4556393203191 3110
5.45693948143214 3111
5.4636559804274 3112
5.47729913825687 3113
5.48397138517357 3114
5.49208636112623 3115
5.4958968115149 3116
5.50685593822081 3117
5.5152786360481 3118
5.54290444067209 3119
5.55416488305124 3120
5.56117081155868 3121
5.56434585036383 3122
5.58172777624145 3123
5.5843113128933 3124
5.60798959007941 3125
5.61434485626194 3126
5.61446365374921 3127
5.62562587753868 3128
5.6265649314246 3129
5.64118906076512 3130
5.64406425047694 3131
5.66680476965849 3132
5.69593838372999 3133
5.70983444503168 3134
5.73968969856913 3135
5.76891268835421 3136
5.77690487431297 3137
5.7810751968215 3138
5.79955520744411 3139
5.80148317647604 3140
5.80500742214425 3141
5.82390935855413 3142
5.84478915496002 3143
5.85627974586806 3144
5.89244297179923 3145
5.90048950589482 3146
5.91628666937207 3147
5.99513595197301 3148
6.0062001392869 3149
6.00770393182424 3150
6.00819769862372 3151
6.00914014085405 3152
6.0096676994073 3153
6.0106350897009 3154
6.01648909929325 3155
6.01931538050556 3156
6.02021991595094 3157
6.024628872823 3158
6.03062155083346 3161
6.03129969104783 3162
6.03186515638602 3163
6.03325934359971 3166
6.03804490474233 3167
6.04313341992898 3168
6.05097203013649 3169
6.05255470579623 3171
6.05832098857569 3174
6.07559746199149 3175
6.07626007034348 3176
6.07999088700117 3177
6.08338263355167 3180
6.08658589165611 3181
6.08896042788506 3182
6.0901610612795 3183
6.09318089631106 3184
6.0950657807717 3185
6.10252741408708 3186
6.10433648497784 3189
6.10552338749082 3190
6.10798413401484 3191
6.10840637174271 3192
6.10844427852766 3194
6.11029060428675 3195
6.11307963063072 3196
6.11383358441498 3197
6.11768147762433 3198
6.12031591419375 3200
6.12182277628361 3201
6.12868208295451 3203
6.13350592350364 3204
6.13478743584115 3205
6.13938666869659 3206
6.13957336960533 3207
6.13965038456581 3208
6.14108127717385 3209
6.14285244127966 3210
6.15268843520041 3211
6.15302768093118 3213
6.15408279803767 3214
6.15770093981919 3215
6.15856756847962 3221
6.16109268636969 3223
6.16425803768919 3224
6.16512061805598 3225
6.16606710857995 3226
6.1712249598172 3227
6.17737327890785 3228
6.18099142068936 3229
6.18362921345561 3230
6.18724735523712 3234
6.19155862317979 3235
6.19256084755456 3240
6.19623966649933 3241
6.20171887688452 3242
6.20247283066877 3243
6.20518341911572 3244
6.2083517883244 3245
6.20945133737299 3246
6.21838317506098 3247
6.22395424064819 3249
6.23780602959159 3250
6.26792739098493 3251
6.26860530187615 3252
6.31835415366171 3253
6.33767558874713 3254
6.34268006513087 3255
6.34406265123007 3256
6.34701452839691 3257
6.36430943121109 3258
6.36776596715543 3259
6.37090764949794 3260
6.39346632371134 3261
6.40807730606566 3262
6.41438894832275 3264
6.4269903456182 3265
6.43059229347078 3266
6.46749035206773 3267
6.47962296309895 3268
6.5101326163923 3269
6.51159852666098 3270
6.51564151671533 3271
6.52901540902421 3272
6.54738664546586 3273
6.55442085611593 3274
6.55975037592309 3275
6.56439260413738 3276
6.58345132779676 3277
6.62758387833329 3278
6.66360292907354 3279
6.70611417508731 3280
6.714788929364 3281
6.71579660560361 3282
6.71679796400451 3283
6.75848520689543 3284
6.77672864894191 3285
6.78218533913704 3286
6.78440053527789 3287
6.78755358933843 3288
6.79314652219989 3289
6.82384229555415 3290
6.82441575406671 3291
6.82598111054353 3292
6.85386847376249 3293
6.89939037485887 3295
6.95205760971625 3296
6.97421986878928 3297
6.97690908708336 3298
6.98535520192256 3299
7.00297411492401 3300
7.00762517916001 3301
7.04642066034654 3302
7.0636091334868 3303
7.12166641921331 3304
7.14251512737645 3305
7.14442814748198 3306
7.21978367640223 3307
7.24307656363914 3308
7.24725058165264 3309
7.25425370504327 3310
7.30392426936282 3311
7.324261227245 3312
7.32867667529372 3313
7.33934601025108 3314
7.3759833658595 3315
7.41129549827453 3316
7.41294712982178 3317
7.41720109380828 3318
7.45756904941714 3319
7.48149366391369 3320
7.55803095954465 3321
7.58566772972817 3322
7.60582175906869 3323
7.6180099062213 3324
7.68999304701752 3325
7.69576884886659 3327
7.7176697191079 3328
7.74337034188873 3329
7.78798920066673 3330
7.81845689263098 3331
7.8453250048024 3334
7.86146934616045 3335
7.87098232330702 3336
7.87623566190179 3337
7.87968072594355 3339
7.87987739168345 3340
7.88489851251922 3341
7.89257666899973 3343
7.89559616602198 3344
7.89599520705361 3345
7.89745908919347 3346
7.90281421097376 3349
7.90488124939881 3350
7.90685063767262 3353
7.91241224793376 3355
7.92319164477057 3356
7.92455392248983 3357
7.92639720518522 3358
7.9315747022086 3359
7.93313161711115 3360
7.94071401174531 3361
7.94514376992397 3362
7.94952538127342 3363
7.95405279407562 3365
7.96040243273377 3367
7.96256254685309 3368
7.96483219091243 3369
7.97014762763934 3370
7.97251034739295 3372
7.97782578411986 3375
7.97787529191419 3380
7.97959850665377 3381
7.98392924924378 3384
7.98628964412889 3385
7.98706519693809 3386
7.99382296753233 3387
7.99756370568489 3388
8.00381433597213 3389
8.00578372424594 3390
8.0106068139044 3391
8.01577509268574 3394
8.01651361328842 3396
8.01853114391915 3397
8.02202571575523 3398
8.02281374415224 3399
8.0283688488932 3400
8.03610301868822 3402
8.03748104430492 3403
8.03913108737259 3404
8.04220648381214 3408
8.0466362419908 3409
8.05756279677318 3410
8.06789935433586 3411
8.07114775263771 3412
8.07213244677462 3413
8.07606985788483 3415
8.08281334573589 3416
8.09466892458427 3417
8.09969568998349 3419
8.1018617439972 3422
8.1020584097371 3423
8.10835854060092 3424
8.10978607401195 3426
8.11158575033448 3427
8.11340362353319 3428
8.11835496979949 3429
8.12873597439772 3430
8.13100072639001 3431
8.20011480277713 3432
8.2024407675694 3433
8.25492602198176 3434
8.2579542709699 3435
8.29108592660373 3436
8.29179590343678 3437
8.29630059143662 3438
8.31421263524102 3439
8.3158683953926 3440
8.34568316687657 3441
8.35173644002801 3442
8.35503414297889 3443
8.39047948608248 3444
8.41015735895076 3445
8.41909817801915 3446
8.45517432277025 3447
8.49059609880438 3448
8.54151928790353 3449
8.54199928278187 3450
8.54965192505412 3451
8.56590801411567 3452
8.63654784021222 3453
8.64400455118029 3454
8.65589260655229 3455
8.66264617571865 3456
8.66426709016818 3457
8.6856885311376 3458
8.69262739291106 3459
8.72992717659563 3462
8.78766194696212 3463
8.82610747742546 3464
8.84045920007075 3465
8.84823214636923 3466
8.86158120349674 3467
8.87436606455293 3468
8.91191134844919 3469
8.92185101780165 3470
8.9310674819848 3471
9.07766249113832 3472
9.10861323024166 3474
9.18095033507688 3475
9.18227473354471 3476
9.21304306926876 3477
9.24490429493905 3478
9.29907649697822 3479
9.50098345916603 3480
9.51386572748241 3481
9.54923539348334 3482
9.60730565540013 3483
9.68994433708348 3484
9.70935611914301 3485
9.71959970053682 3486
9.81723937172305 3487
9.83373220698076 3488
9.89040051220574 3489
9.89697734175677 3490
9.9046513981039 3491
9.92127071541841 3492
9.92974284134461 3493
9.93044854312195 3494
9.9308898267726 3495
9.94843843556972 3496
